4040
1209
3422
1248
5375
4411
2701
9179
1803
7480
2032
4386
3065
3983
2570
4597
8534
6740
8798
5781
1559
9973
1657
4826
6470
2981
9470
6866
4615
6785
9124
5967
6511
4752
7928
1081
6370
7429
3353
2226
6928
8926
613
8937
4850
6645
1619
4529
4165
1794
3188
224
6133
3240
1228
1934
8127
8384
1448
344
8170
9274
721
1340
8006
9991
9559
6680
1762
7583
5830
7287
5585
2561
1780
5636
7813
4259
6776
3236
1819
5330
3000
9835
3890
3508
6526
2508
6655
2821
6351
9462
254
7150
1414
6392
8779
4393
6937
3011
188
1947
3646
7811
3250
1118
7748
7565
7624
5200
2250
6423
4205
8887
5037
7619
7130
66
373
822
9726
7501
4998
5309
4605
6239
7146
2816
3859
2943
5953
348
4902
5023
782
728
7152
6157
9320
4099
1291
3774
9430
9592
6161
8731
247
6104
331
3665
3405
2745
9334
3915
5961
2047
4482
9643
554
3135
9421
353
9781
414
8803
4703
9848
863
3104
4489
6843
6999
1737
9167
7642
5522
6670
1033
3583
885
3435
61
89
6789
1049
5077
4833
9870
7172
4553
9374
8018
4979
3134
6580
6259
5005
1113
1329
3104
9902
6822
3218
1455
8848
5631
8557
9788
6828
21
6899
7181
3683
3639
605
8902
5293
6972
527
9682
7550
2258
207
7730
5853
2383
4336
5699
4814
8274
5005
1302
5299
4686
645
5742
4051
6912
1701
3769
8161
762
5588
208
9229
7591
6410
6921
9486
4380
5107
8207
9426
4150
925
3478
3772
4746
9668
3891
4289
4956
4175
3403
7788
5871
1120
2523
1631
6366
1869
860
1335
2558
6367
8540
7308
4360
8752
8633
6807
5195
6479
705
22
1754
9955
3210
3218
3757
3965
6878
3045
7525
527
1629
6635
6511
8912
7826
6130
5009
7277
5268
7585
8305
3917
5973
9688
8951
7245
15
9018
2414
3054
5970
8037
2063
2998
9202
1915
3736
6642
3843
5489
7721
6260
1542
1009
1205
2001
7304
1093
954
7335
3300
8740
1029
2617
1764
7465
183
7460
3203
1363
4724
5590
7325
5240
4816
7827
3872
2603
3496
2801
832
5678
789
5325
5809
7518
4045
7357
3175
1377
6906
5769
1215
2142
6927
6627
720
6838
6412
8247
9196
3798
9293
3131
9362
6732
7254
1011
9268
5336
2484
9567
3837
3550
2324
4170
8357
7301
2942
5251
7433
9830
8990
4388
8242
3363
8155
6252
8193
4591
4540
1365
8663
7428
3586
9298
5125
2798
1554
3731
4113
8951
9647
4225
7748
9394
7870
639
7966
2849
185
1813
3221
5811
2416
6101
9315
7273
8128
4105
5652
1205
4464
8155
5125
938
4354
2303
7260
7213
4123
3181
5756
2475
2916
6695
9914
8132
9668
3756
8544
9286
2625
6505
7144
4532
4600
4379
9439
3424
7363
9663
66
5017
2777
5107
4612
3787
945
8381
6478
6943
889
9524
4589
3900
1153
3999
2850
3298
5212
8462
1270
8219
3642
9436
1057
9476
9701
7133
2009
1616
4984
1058
9731
6446
9102
36
6578
1153
7974
7699
5805
309
8781
5806
3195
4306
5269
8332
4785
7810
4485
4959
51
4432
9300
5320
9298
5368
6974
7921
7305
7262
6773
2928
1571
6413
6267
6315
7370
6319
8932
8439
5446
6161
9296
1526
1060
5281
9992
2438
9296
5721
747
5664
9521
6384
5169
8443
4786
4614
5115
353
3184
5550
7729
4542
3032
7418
7627
3321
8338
8649
7826
4821
6761
4538
9993
8199
4332
5790
2741
6002
4576
439
5361
6950
3969
697
7234
8081
9213
9683
5022
3949
416
9259
8059
4875
4381
482
8837
895
489
2050
8425
2695
8749
2287
8010
4358
2223
5923
6342
293
2394
474
6408
3904
8625
230
3497
9686
8664
8562
4898
5715
6355
9304
4446
7214
9835
4387
6565
441
8706
1581
2021
9583
8005
1134
6379
2147
455
3637
9918
7505
2260
344
7248
4891
1105
8215
6530
7647
5837
6509
5975
7842
9759
7250
7214
1888
9538
4242
7277
9904
693
6698
3671
5992
3751
7921
2087
860
4765
8454
7525
6547
9423
4992
6866
2513
2066
6891
974
2326
7320
5237
5096
1273
6161
2045
4099
9086
8409
4398
363
7399
2034
570
5841
9831
5052
4351
6344
7991
9372
7513
8556
4365
8243
1253
9151
9600
6972
9193
646
3081
7964
9307
8908
6801
8558
2307
5684
6249
877
1310
1306
9007
5184
5695
8180
1335
6675
8350
9161
5558
4396
8169
9340
9304
9968
5093
6924
5293
4460
8401
6321
7113
393
5556
4984
3706
8426
2940
9568
6667
9265
8874
2416
2229
7820
7854
2452
6652
4778
4158
3181
1122
668
8902
1657
7437
1461
5702
7772
7763
5330
5512
4808
5629
2156
1783
3757
52
3041
4444
2348
7193
5305
4688
1853
7153
4392
5469
575
8309
1228
9043
1119
7743
1704
9559
8932
9971
5237
7881
3274
456
3617
5995
9411
9821
3954
5310
1559
9639
9185
5447
7565
6852
7693
153
8376
5645
6927
8518
1675
9551
8246
8769
1484
7784
9167
4337
6147
1874
341
2164
4666
948
2694
6705
7005
8434
3570
9119
2035
2859
7021
6002
5379
7169
2652
4533
181
1490
4665
8936
4723
7464
200
4778
5552
7660
4557
2088
2828
5131
1654
7194
7699
368
8785
5525
1510
8890
719
8026
3052
8569
4557
3184
608
8721
3958
6616
3936
1096
4707
3215
8477
5878
7487
1144
9612
4431
9886
3686
3322
5759
2606
7414
1537
376
390
4485
387
7781
3602
8602
6686
4609
3719
423
1129
2843
6326
8007
1580
8881
6227
1043
4824
3742
2753
6557
3151
2055
7619
7103
4540
9903
4621
2560
7608
2701
3052
2037
5537
1723
606
3992
1495
4113
2600
6389
5274
5934
891
3201
6700
8677
151
7415
8862
381
6409
7284
5365
3547
400
6707
6572
5867
4652
9153
7513
4639
146
680
2706
6283
893
6645
1341
198
5779
6191
6008
9750
9832
4022
6412
9200
6256
8621
6945
9805
5367
3167
3090
2404
3609
1267
4415
2442
1325
8988
5056
6995
6609
