7657
5052
7128
1821
2090
2786
6380
8124
3629
5292
5244
3011
3684
5631
4522
4499
5769
8871
4175
2043
7071
7582
9937
7253
2256
8524
3550
3151
33
7274
4194
3235
1430
371
473
8205
8122
5452
8667
8921
8709
8672
736
3543
8859
1028
2228
2579
6005
5372
3211
5440
578
6189
3994
8814
3654
3355
26
2338
5379
4681
2834
2185
4669
157
5321
4524
9803
4074
2251
3034
1328
1811
4669
4442
6722
2080
7800
3621
5129
1623
5737
5524
7091
9915
5957
1756
9465
5899
5959
6046
4101
9199
9710
9851
8942
7553
8904
5636
7128
3620
6526
6571
7576
8794
5242
7716
4184
1595
8020
494
7961
9973
9941
7097
3988
7275
8376
3808
5995
4648
8245
1962
8233
9332
2842
5284
1487
4443
276
6181
4644
106
8686
8483
7547
6190
8705
5439
1330
2342
769
2531
7415
777
7374
8985
7565
750
6680
9450
1866
6142
3638
5417
3410
6966
3696
5691
2368
6366
3554
6316
5143
569
5356
1525
4627
1968
4245
3755
8457
3410
5832
6374
8830
224
6145
1403
4444
6080
241
1260
4258
5843
6839
3673
5484
1586
9763
5530
5384
6462
1489
6075
88
3008
7092
4805
3934
1007
1888
8389
2851
5904
1881
8719
9467
7711
6580
1911
3970
6003
1866
8616
9219
5085
4374
169
784
9665
5279
9236
985
3144
805
2580
5634
9869
4803
1061
5678
9948
2357
4529
3413
3456
4396
5758
7691
2425
6039
4786
7424
7490
8580
303
9049
4781
6599
8047
4228
4077
4014
7317
4475
2497
8062
5436
385
3197
4519
766
6657
1414
6288
4766
1656
9319
4326
4323
8682
9393
7714
7274
1371
1920
6793
2938
7975
883
7741
2116
4245
1834
1841
5697
5828
2568
6359
6970
1972
4442
8308
2632
4174
4885
5489
4694
9739
9871
3096
8794
7554
3989
7305
6849
7318
4156
3290
9357
5031
5005
863
783
7970
2981
7906
4081
3136
4532
6111
3133
8281
2717
3586
2194
1040
9656
5167
8593
2306
1293
8170
9050
7531
2791
9435
6132
1944
6726
578
8066
4135
4157
2113
8944
1210
6909
7217
2089
6213
1487
8524
213
3338
911
5368
6473
1864
5274
8401
9756
7463
2426
4700
9314
8408
5566
344
4446
1681
3747
1756
9883
4608
8937
9570
9456
2779
3999
190
4978
9459
2425
2044
8476
8386
6370
7709
4061
7176
4255
8079
6111
4919
8685
7774
5056
312
4758
2721
8872
3647
7509
5199
8340
4575
8501
7127
9118
2560
7054
8038
1423
4191
7665
7983
3844
457
7607
7134
7195
7021
6796
765
6739
3504
7159
2283
231
1885
3912
9757
1263
3592
3120
3765
1983
2661
2019
2824
1436
2678
1401
3786
3356
7077
2110
1039
5561
2006
5644
7142
9543
6783
7404
416
4931
826
4293
7362
652
7917
7461
7192
2980
7651
6521
8865
8125
4841
5711
1719
1305
8350
6841
3314
2679
935
9755
4434
8036
9298
863
899
1031
8664
8809
6969
8347
5903
5295
2755
2754
1854
3755
3294
9985
3628
5927
8956
9944
3502
6055
5754
629
3997
4183
2985
5482
1944
1688
2123
3880
4985
8234
8377
222
8453
287
9577
8402
6098
6595
254
6294
8551
4243
7300
2264
4949
1336
2813
7905
9830
9767
7523
7865
4649
3690
2460
3713
3894
6248
6858
3230
5000
6982
2104
2358
5244
9581
5798
8564
2662
6838
283
7282
5061
5252
2438
6092
7904
6483
9553
1871
5894
3513
543
8326
9938
3755
5823
6146
7937
5295
610
565
963
6986
7151
5602
8484
6922
6702
9485
5615
1227
1811
8710
5734
2851
6183
5899
1571
7845
6851
2348
7860
8479
764
8900
3416
4579
5243
6101
8714
9213
3947
4794
6141
5217
3327
7123
9161
6719
7511
3860
5139
3172
9386
4173
3457
3917
4180
5476
4248
6647
144
9658
2740
8558
1567
422
2161
8719
7760
1960
470
2786
913
1959
2160
2540
4871
4344
8538
5177
283
335
7668
4644
9646
160
5355
8979
3996
5787
2967
7152
8985
4799
3704
6375
6856
4838
1752
3159
2973
8167
4945
3361
9524
3017
7930
3809
4706
5527
2483
462
832
6833
4450
3227
7272
9836
9900
4100
746
2112
1313
8580
5624
2522
9948
8168
3044
785
5444
1529
1113
5038
4249
8323
2020
2611
7230
9426
1247
6191
2429
8159
4951
3957
2304
7932
521
1194
996
4283
3494
638
5503
3904
2387
3844
807
8745
2204
4247
1921
4126
8445
718
8593
1528
7173
3091
8107
7204
6603
2832
9458
8524
6417
2661
4341
4890
1407
9037
1022
7831
4865
5285
4301
1250
6087
1439
7681
4725
5168
2095
7875
1004
6614
5097
8655
4423
4107
338
2810
3412
9049
8134
1725
8455
5156
874
9933
5212
3050
8479
522
5510
3043
6491
7151
2961
8504
2221
3754
9884
5491
2424
8675
7371
116
307
4768
6803
3578
9384
3828
613
2955
5231
5673
3207
2858
4437
6006
7466
2036
4419
8766
1519
9301
4698
9997
8097
711
279
2329
502
8060
8725
231
3351
2501
6261
1099
361
1629
7141
1879
9979
4460
7360
6836
9651
9182
148
1609
4481
7944
2104
3090
3887
2424
5296
8801
8338
991
8000
4508
7497
7457
1010
2322
3958
6156
8203
6130
7300
4283
4444
5923
9078
1648
1689
5789
102
3088
9607
9777
8646
7699
7773
6990
5725
7251
6150
1963
7766
8743
2851
5115
7335
6084
6868
6968
7479
8090
9616
305
1606
5664
7735
8897
6854
9812
8754
6820
1185
4257
3935
2229
7523
3964
3796
8390
8404
4845
2606
83
3917
2884
455
1244
861
8751
6912
4501
833
4598
6081
2048
5144
769
8763
634
7585
2373
1092
8868
4445
3075
6167
573
3473
7669
3403
771
778
8799
1273
4336
8605
6955
8034
1558
522
847
7349
6614
7499
5456
9630
9842
7706
9798
8168
1042
4404
8038
433
4157
1614
5482
2751
2266
3565
4884
7811
4592
8001
5871
1816
2651
7009
937
4276
2854
1020
5863
9671
3836
946
4736
4187
5621
3275
8904
2786
6514
2561
1239
5483
6336
6333
9305
8584
718
3874
2908
8728
8938
8614
7658
6205
3938
2109
1343
9710
5674
6515
301
5630
7912
2180
8585
9288
8352
1439
3661
6516
275
1107
9244
5188
3086
5880
5510
4581
6661
866
9
5414
989
8337
1644
9534
5096
3171
9532
7349
9650
9248
7482
7174
9764
9555
2819
7016
1417
5642
6785
1549
3443
4371
5145
7316
2693
3146
1769
1185
5791
86
1039
110
3283
9336
1840
1685
125
7145
8003
5490
4368
3093
6839
2384
901
9427
6499
322
1164
5090
33
2409
9259
2691
2542
1364
5365
922
3402
5722
4760
5351
1334
9265
8147
202
5222
1195
380
8077
8054
7821
6137
865
4023
4881
5513
834
4884
3699
5418
6908
6910
9543
1731
8789
5452
1437
839
20
5181
9770
9935
5393
6382
2676
4761
5484
2968
2126
7356
4857
176
7263
1162
5581
7512
5476
8128
8436
8231
6740
4375
5312
5845
8170
8618
2767
3060
372
8086
4213
7490
3477
9068
8060
5173
4166
5728
1110
8916
3458
4919
9078
9823
9778
2169
8762
6093
6964
1493
2400
7679
6476
1642
6962
3558
7349
8636
7559
5748
6554
5810
7987
8132
8094
1329
9853
5016
5988
8201
8250
1162
4111
4071
249
5747
5930
7014
7102
3653
8750
2960
54
7198
2399
3377
8926
8137
2531
7968
1803
8868
4815
787
2028
6351
9140
3135
6058
7549
1225
1407
8967
6481
3142
1975
9802
5390
3281
9787
8452
61
8422
1568
7353
5464
637
2383
559
5845
9505
1904
2281
58
5957
5739
5643
7600
7170
45
5936
7069
2977
7499
4567
436
8935
1292
5101
1084
7520
6314
5238
7312
2573
537
4665
9402
8623
9321
7184
1535
4252
7780
3527
6749
9907
5050
44
2255
6728
6834
7626
1610
9419
6623
3229
5793
5688
8059
8151
65
167
6037
7510
2570
8749
5135
3198
721
4879
465
5963
6212
1318
5664
9577
748
7233
8327
4699
7100
3209
9082
6825
470
1201
4177
7427
3447
2355
2763
6170
1914
7308
9448
1241
5489
9564
9007
4460
2196
9337
6378
4813
2879
3208
6303
8140
2822
1669
2699
7377
5556
1237
1560
7893
114
7478
5014
7959
8909
7358
3439
494
3873
1192
6918
2759
981
13
4445
6907
6902
8823
7885
9158
9626
9064
2888
4928
1737
7010
9152
2640
1698
8698
419
2086
8966
8306
4685
4090
3056
7438
9479
6850
3384
9077
157
3586
3816
7029
4009
2517
7292
7021
8024
3020
2180
8429
958
7844
4067
6734
5013
9955
4780
7046
6885
4422
9558
1127
31
7972
1083
4676
5440
2429
9699
8578
2990
8876
3464
5964
7900
2584
2614
9354
5715
5203
2432
1214
1123
957
2603
7877
1982
8139
9136
5453
9278
7617
9364
7733
2965
5908
1420
3267
1390
7148
3910
774
4560
4768
1006
1596
6577
6684
7923
2096
5166
6950
6913
8448
3887
292
2991
6079
8433
6590
7091
8756
3685
7858
9486
3847
2252
2974
4138
3800
3466
7580
5200
273
5732
1203
1225
7524
3004
8108
7583
8290
8738
3529
8801
814
7861
6542
3798
1046
9019
7108
5274
6243
9645
6167
8443
6774
6873
4235
9434
2249
1223
6221
6015
742
8681
6747
618
1677
3585
9304
2002
4208
3562
9813
6805
2800
7058
1531
527
5237
6569
1762
463
8488
6613
5898
8384
1328
7639
5113
1803
8407
64
2798
1115
4667
2156
427
1270
4180
9358
5378
6141
6060
451
865
2893
1997
5329
6739
5693
2845
4364
8200
5968
811
6264
9038
6226
2042
59
2264
4210
1067
5768
5331
4456
6436
2011
5292
1184
825
1616
7464
6835
1866
5665
4618
8368
1729
4327
7746
9003
7923
4997
7534
9866
1712
5572
2202
2657
2727
1255
1863
2676
2658
7734
6383
4337
3469
869
1071
9980
5186
1250
19
1084
184
3737
6843
7695
4849
6976
5500
5686
4916
2366
376
4912
7366
5016
6780
3357
6478
3771
982
5193
9320
8336
5479
1355
8108
463
1759
6591
5873
888
6643
9993
5551
6143
1366
8964
4468
7358
3267
6636
8658
8903
464
8864
5119
2897
3530
2587
6502
778
4714
1609
8461
7818
4652
8481
9210
7776
3107
7155
1289
9816
1771
95
7203
214
8009
3985
3809
9710
5298
2159
7796
6503
6458
3441
8849
9584
8038
3276
9204
6279
3064
3938
4464
1110
4655
5219
9883
3277
7992
5490
8071
1027
9745
9349
1474
2575
8141
5393
3184
1439
6181
220
1608
3393
714
3281
4885
8344
7346
2853
2936
471
4245
1946
1183
7244
2645
5863
6252
6916
8444
3495
5292
6660
8917
2939
8015
2491
4313
981
4119
7321
8916
5702
3915
341
1648
3033
4699
8040
1747
6709
20
418
6809
2768
7739
581
1140
3361
3657
6132
8517
6915
1529
2703
5083
471
1739
9349
9530
9065
725
6753
6350
7740
3308
4498
5458
4839
9124
1710
2666
3610
3602
3595
4313
417
3322
977
6693
7664
5561
9098
8089
8848
5359
9111
6685
7422
549
9705
5161
2121
2894
7100
1312
7382
6767
4328
178
2645
1750
3658
3530
9529
8416
4552
459
4914
7037
3639
881
6450
1810
278
2628
3188
513
4503
2173
1343
9415
2986
596
4251
7734
8265
540
4281
3557
6706
6632
5667
8402
7606
6521
9245
4976
4165
5788
9203
2425
2662
8784
5486
971
5072
150
315
2920
5850
3550
3163
3560
5072
2498
958
6826
5669
8159
6723
9928
3791
2191
4957
7987
7829
8580
9548
3465
3275
1662
8301
228
7838
1615
2630
8046
176
3438
4783
3211
1298
6927
4731
8175
9485
1358
3627
8872
9141
2216
5139
525
4003
8483
2113
2935
3
2307
2041
2679
2019
6308
3713
9652
6121
5378
8977
2980
1437
979
9272
6612
5383
1177
1810
8679
8683
37
5300
8544
8473
6182
5127
3743
332
331
3885
8556
5354
7505
5652
564
8461
5981
1394
386
3932
4721
7109
3444
4414
9768
6766
196
9770
5299
7387
6895
5175
6751
2369
7058
6473
2614
8752
3090
2797
2743
7262
4148
3624
3317
4337
990
2699
6753
6305
8119
1000
1297
8903
6177
4481
6826
7677
9542
9660
4303
3895
6641
4996
1008
5612
6828
8473
1128
4193
3713
9373
5629
3809
1621
6626
8109
2294
4659
1850
7636
1811
734
1637
7117
5338
8970
8291
4201
8040
504
8763
1881
278
1291
5163
9503
3170
8827
9547
9047
388
4215
9122
486
5484
8964
1896
1078
3429
7435
9139
7414
2623
7334
525
6985
8998
5659
7963
8982
3953
3642
1133
7672
5807
5598
1297
5742
8930
2496
2859
5186
990
9555
8592
9664
827
4160
1833
3121
2028
738
1781
2064
2739
4755
4658
6168
9718
178
9361
7441
3245
9749
1302
3143
2129
1629
1909
1553
1877
2706
3922
6158
6972
5402
2001
6793
7573
6626
9474
5288
5515
5263
7588
4532
1756
3885
5505
7815
3770
5929
2817
1848
3819
6649
65
6369
4664
5826
9602
4711
3680
150
6323
6930
2190
2237
7504
6327
6415
7260
5298
4465
6943
5295
8162
6935
130
3085
6098
2884
9452
6257
9283
3963
2823
3170
1
2470
5062
5322
416
2787
9919
393
5784
4616
5917
3342
7248
3661
9042
9534
8051
2828
9996
2425
5247
6199
646
2890
3952
7097
6818
5902
3464
6452
4029
9426
6828
483
416
3913
9080
3354
298
5218
803
4327
1615
9059
210
2370
6559
6356
409
4041
1627
2225
8522
9081
9130
2766
5487
9210
8391
2439
656
4129
1949
2835
6527
708
408
2305
479
1721
4212
2421
6044
2818
5902
8972
5651
6217
3692
6574
5210
2326
6706
6736
7844
846
8904
8190
5492
388
8417
3594
7811
8065
7471
828
5818
2461
1506
7824
1696
6116
8381
7031
3233
8141
8971
48
8098
9870
3137
1493
9386
8705
3043
5947
7489
9616
7117
2131
2146
2008
3698
2430
9754
6193
5335
8451
8570
6967
2762
2657
1583
4086
7363
7400
3253
105
7125
8911
6720
9949
1750
3099
3322
2243
8402
6102
5178
6433
6080
1536
5047
1352
6779
1742
7341
461
7264
8351
5616
7517
5582
3600
9616
3275
398
8689
2806
9595
6872
6654
100
2725
4110
72
667
3015
8281
7298
1429
5183
5944
6382
9848
4424
4766
7791
4049
5469
725
6810
7715
3608
5473
9174
5306
9155
5002
7221
6834
7364
5452
2836
9144
2780
1470
4528
4816
2205
9730
731
6158
2750
2435
6703
2879
9664
1801
931
8634
6622
4928
9749
3740
7579
7941
4025
4158
7467
1493
4269
2494
1086
8502
1891
3571
9944
9411
6410
5561
2156
6003
7288
2046
5131
9828
5100
921
5057
6813
9352
4039
9935
6675
441
8769
8770
5309
1909
1694
4791
4813
3064
9326
1174
7277
3584
4270
7259
1581
912
9307
3748
3497
9260
4889
2227
4765
2841
6593
5803
8744
5508
8740
8370
8027
9032
9245
5414
6898
1357
5317
8396
3315
8095
6841
8257
6464
9339
7440
1732
8818
3532
4814
3849
7447
1456
9358
730
6222
8939
6108
3184
2196
392
6595
5775
9339
4645
7002
7190
669
4447
3094
9237
695
8733
2599
2405
9416
5074
846
3981
924
5906
7370
2834
9484
4595
3250
846
2939
6300
6257
1553
3847
6101
9915
951
4701
5649
1973
390
8538
6298
6025
5668
8886
7352
936
1564
8817
1611
8971
5356
5362
3872
8158
866
7797
9433
693
4402
1205
7956
4053
4085
3055
2452
3117
9097
4884
2363
1351
6623
3584
7121
4893
652
7979
1210
8559
2069
8620
8028
2647
1805
7030
5754
4392
2813
2933
177
2301
5348
7986
7041
173
7460
6058
2235
2067
5614
8170
8131
1670
2097
4190
2525
4404
9573
2507
4430
2150
917
5336
3987
9730
3149
9006
6864
2076
3568
1789
9210
5546
568
730
3194
5962
98
9920
6901
4738
6094
4206
6172
3955
546
7114
39
3099
82
4100
7311
3419
7581
3559
174
728
8870
5968
3934
9043
7971
6926
1100
1501
5528
7198
1028
2276
3669
1990
6674
1769
5578
7543
4302
6829
226
3682
9732
9709
5886
6468
9703
4067
3356
1379
6989
2189
1130
1318
9513
3722
2327
4076
2880
2840
7632
2361
7798
6555
1160
3968
3871
4601
1469
3065
8536
6615
1838
3251
3908
9924
5104
2020
5851
9135
8896
259
1251
3866
7323
1705
4904
1106
7742
6821
8867
4084
1662
1385
614
3700
7121
2769
877
555
4641
1755
3504
692
3182
2241
7055
9390
5978
1732
5165
5558
3324
7402
8447
4268
7765
8883
9828
5166
531
1484
1852
980
9940
1580
2197
2384
1179
8302
11
8333
7903
3264
5433
62
1722
5152
4161
9920
6277
402
9751
1465
4295
4463
6362
7251
2197
3890
3571
743
9883
7551
1265
9779
6076
2653
6038
169
388
2790
2586
7911
275
3684
7091
4386
9075
607
2347
302
7613
361
6484
9074
6313
151
7633
2328
1811
2604
4935
5672
8802
1376
8849
8907
3581
8402
5074
8397
7515
4710
874
903
9302
4061
3705
740
1977
3103
2431
5998
8552
452
2463
4130
6605
4701
9616
8243
7042
9620
7987
1931
3983
1869
7945
8575
1023
7689
6931
1341
6059
94
4182
78
2617
2896
1361
8817
3430
1221
211
2907
646
4709
9809
6108
9931
2757
4265
284
9779
5521
7437
3377
1122
555
9070
1235
8974
8990
8515
2633
9693
8104
6967
9545
4330
5554
1395
7433
8699
5002
998
1870
4039
8248
2637
5703
5872
2481
9515
6104
1922
6854
2517
2472
6106
1378
2308
742
1001
8858
3470
8031
1133
911
5724
4836
1082
5416
7548
7330
4700
7625
3107
4607
2357
8375
2410
4326
9880
2659
9354
4073
3135
8623
8572
9825
3106
2184
1987
6411
8353
1299
6101
1826
9318
3512
7163
7765
847
2632
3401
7554
1993
5530
2651
3362
227
6499
2843
4259
8384
1173
6765
8884
6345
7576
7949
940
7661
6493
6334
3270
5497
7931
2269
8076
8394
3754
4536
3265
6877
212
8660
9484
8356
2497
4081
9356
9672
568
6575
2791
9650
6795
9652
3754
935
6628
2284
6342
5007
7639
5907
941
5904
3874
15
6541
4616
2487
7771
8390
3398
9073
5323
2658
9104
9291
1070
3857
5220
9335
1824
5310
2823
9399
1625
9713
7728
112
9660
831
5598
8914
7345
1336
571
4392
4102
8151
264
4944
6178
5189
520
2197
6760
2928
2954
2069
3811
3668
1033
1180
1545
606
7042
4141
331
2550
6730
5297
1128
2179
9688
5579
195
613
6635
4446
4437
4317
6381
4923
2906
1707
7663
1623
9584
2703
1566
8223
1113
8982
5939
8438
3770
9110
5175
2724
8787
3191
8130
359
1502
6779
1942
6307
6428
1775
2740
6954
5495
8142
9731
8731
9057
3300
7835
8176
6600
1849
8418
416
3926
822
5315
5138
5589
11
9577
5054
524
4336
5022
3650
4042
419
9333
5526
9969
6262
8887
6323
2368
4513
9566
8859
7693
7581
1654
2710
856
6759
6346
9712
29
4373
1731
8794
9561
4683
5824
8770
5393
4067
2760
7430
2751
611
6355
8783
1066
804
3452
859
9893
5914
5412
9871
7083
7973
4988
5963
8054
6533
2733
7733
3559
9677
7803
4377
9651
3436
8589
8163
6997
7739
3295
2586
2861
2001
5413
7102
4032
8855
1159
6546
339
3897
6341
2064
4838
6783
8527
2514
1662
5918
385
8630
8325
6126
1669
8202
4833
108
2641
1897
4020
5031
8080
8166
994
8563
847
3750
7193
9655
6212
2534
4627
7238
1329
863
2604
7724
5037
93
2372
6080
8404
90
9627
7953
9075
6114
6560
3563
959
9520
3321
8053
6131
1779
1734
162
7019
4391
9155
9505
9364
6628
4954
865
1920
9183
2333
1823
3512
2678
1679
9424
893
1272
9340
1094
7074
9322
389
8357
9400
1383
6217
4544
3124
8997
7827
5238
5144
5288
8650
9335
3264
8304
1290
8661
8559
4092
9704
4147
1406
7613
2868
114
2709
4410
5227
1865
905
3617
4850
9051
7508
3012
603
6130
8304
2419
7673
9442
458
56
2492
9059
6569
2964
6362
4392
657
2834
9029
2171
4735
1935
384
7202
512
9096
5281
896
4075
8689
5067
146
9406
5338
9225
5535
1665
5539
6386
5792
7049
5172
3181
6787
9454
1999
6235
3678
2175
3688
720
9556
3846
4614
9052
703
7428
8471
8449
8563
1961
9060
3249
2747
7700
9140
9913
2436
85
4801
824
3672
1432
4614
2624
1385
5863
6580
5770
1893
5538
7144
9573
9103
4833
9923
5561
1295
2302
1729
3377
1611
1217
853
3794
8251
192
8049
9401
9836
3302
5314
5250
6580
5957
1151
2452
5474
8863
5496
3994
9740
2956
693
1551
1139
6673
4882
4516
587
3538
7998
3613
8626
7189
6412
7849
5969
7820
6957
2946
748
9559
1828
6746
8867
604
300
1946
5262
9059
3965
9483
4777
2241
6634
7679
528
800
1539
8587
6686
5014
7385
828
3047
533
2653
3676
4068
899
9176
3364
9471
9138
2969
1020
6786
8111
9433
1334
5519
9120
8844
1728
7151
1945
3870
9329
6772
6254
1783
5079
3889
3293
6238
7519
141
9078
4339
1263
6211
5865
5319
6187
7092
193
6838
3049
8749
323
8825
9132
9282
2398
5166
4393
2976
8180
4448
6567
5301
5286
163
1205
4857
3047
8450
1299
2128
8245
5567
8642
3552
2386
6093
1965
9822
673
7203
5175
2048
7912
5774
6118
2093
2391
4741
3164
3717
8379
7080
3956
7860
5790
1498
5943
4399
7089
8642
1597
8551
1360
7830
440
9390
85
2620
3123
9191
7717
4257
6666
8516
2917
2907
2461
8340
414
7412
6756
3019
141
3364
6341
5281
4239
7303
8401
8520
46
6303
3825
9960
9995
4903
5335
4036
5466
9422
9944
2811
2027
7362
2448
6797
1358
9022
6369
8491
4217
1004
3707
186
2906
5419
927
8661
1914
9631
2995
205
9837
241
1842
7079
46
4701
7206
9022
827
472
8372
2161
5085
5039
3815
5290
1507
3421
2581
9306
7325
8299
3314
4617
8872
2934
7042
4745
8704
4334
3628
5820
6861
1509
6417
4280
7542
578
8451
9603
2696
457
9987
2500
8285
4532
546
3576
4481
5353
7822
2285
6501
7598
6135
8247
7155
4530
3060
216
9539
1584
4269
2044
317
2003
788
8775
9021
2943
5201
9702
4175
1069
4646
6786
5096
5878
7957
587
2951
5290
3988
2736
8523
6381
661
3539
8729
1628
4311
7675
765
6130
3145
3364
6966
2872
3491
5675
10
89
8940
429
2911
9882
8327
950
5322
4325
2785
8271
2634
476
1703
1980
9923
9053
2142
7440
4335
725
6300
6796
3732
9472
18
8281
7285
1302
1400
8766
2694
5808
260
1784
3073
596
667
1875
7739
4705
3856
9549
6420
3964
6538
474
3003
6266
8348
6886
5805
276
4098
3956
4854
7663
1822
3680
2939
8842
2395
3
3177
1353
2947
5718
9880
3501
3050
847
4576
1348
3195
8915
7554
3675
7759
7769
6996
3773
2976
9650
107
8225
1479
3643
5534
3130
6484
5267
6097
8436
926
9595
3841
786
4813
2608
8890
1659
3752
3920
2710
3587
1726
3398
3974
1828
1347
392
4101
8852
7882
2563
5630
8888
5368
7147
5388
4106
4315
8294
1889
2221
8773
731
3353
1507
4352
3836
50
5138
2132
914
4130
8626
7460
5803
3684
6619
5935
6021
5906
2028
9783
1307
3317
235
3460
3383
4845
3008
800
4934
8028
9837
9411
9424
5642
1676
6929
3812
9790
8924
5796
6732
5231
826
1506
7264
6226
4491
4855
7760
9645
4847
1543
8957
6781
9451
3151
573
410
378
711
2614
3519
4397
9574
2777
4988
2027
2375
9645
3188
5259
8748
4618
7166
1784
5593
8553
2916
6662
276
7686
3215
91
1568
1199
3546
981
4012
1828
5458
4957
4052
4976
4572
6223
6026
2677
4577
8966
53
9953
2235
4984
9862
5937
2855
2782
7864
9974
7503
5643
7794
79
1103
6727
2235
6004
4211
9082
6248
5566
4594
5729
1093
1487
7797
5212
5015
7774
4340
4120
8295
7456
3622
1490
7236
5915
8784
6414
6708
9022
8188
4255
6717
8501
369
1529
3862
179
7093
6119
3214
2426
9126
1415
1107
6564
1650
7472
6757
9695
8918
9291
4905
6372
7861
5369
2023
1322
2237
3540
2316
4312
3193
2091
8274
2361
8521
1525
7439
7433
7687
6999
7600
1938
134
5304
899
7060
5511
8370
7369
5428
5440
90
7907
9564
3184
3387
930
5968
1552
2640
4104
1342
931
3771
2599
8258
5922
6761
2134
9121
1534
1940
4195
1967
1856
5575
5610
3006
8821
4824
3336
893
5036
4685
9874
518
4400
1060
1474
391
8075
8938
8939
9224
7452
2742
4782
7761
6827
8333
9614
7190
2211
2614
7491
7204
6586
1190
500
1008
3548
619
883
8402
210
4284
2120
5447
2209
641
709
934
7796
1709
3239
2135
5705
729
6275
5154
3376
6367
9937
2389
9609
6797
1035
5084
4130
461
8677
854
7512
2761
6944
5560
8886
1312
8454
9363
523
5592
7040
2153
7541
9371
5194
2500
4677
2401
7981
9616
840
5503
9864
8321
2588
2302
3921
3344
4775
7950
2389
4094
4804
6196
9207
4428
4138
2641
908
4751
471
7839
3878
6486
8599
7257
3034
8096
1400
9367
8123
7951
7837
9163
9820
722
8959
4394
7773
6962
332
3446
4022
58
4765
7871
9448
8485
1611
6029
4804
8162
9661
8256
2932
831
976
9932
6429
3069
3724
5865
5683
650
5909
213
6259
5705
4155
8571
3839
9825
7173
813
648
5750
8538
3279
5326
6009
4837
9233
1450
9296
2857
1859
1020
2727
935
1407
4347
2976
8041
8345
5734
5898
999
9327
1632
9817
7362
4801
247
8269
5502
4030
8303
9206
7952
4174
6454
8887
5270
219
5608
7019
7183
6761
2354
5981
5746
408
8911
4584
1162
9679
3151
5682
4582
753
7848
6925
9709
9294
7179
8151
3007
8164
1271
5175
3262
1745
8392
3253
6352
3358
8615
1967
3181
223
5557
2472
149
6276
6861
5724
4536
8558
3885
1418
7088
6352
4263
5822
6959
545
965
6326
2507
3526
948
4155
2220
7940
6592
2801
6132
8262
6263
8625
327
9855
122
8789
8474
7677
8848
3946
8615
6322
5976
5534
1223
8161
4159
5944
7328
3523
908
960
4992
6328
3155
2942
6061
1369
6579
8414
372
6585
9098
2494
8871
3252
3290
477
9286
4498
611
3927
6777
9935
6567
1929
8376
6227
8279
2333
4687
5610
5146
2107
1440
8088
7939
4126
7349
82
7424
4464
103
8446
5856
2874
5277
2083
2736
6681
3484
263
2728
1665
3074
3091
1151
9628
9166
3150
3078
319
5883
2657
3160
7894
336
5677
5515
9736
980
2431
1918
7090
6115
8779
3508
1920
3330
8752
9010
2531
4579
7166
7435
6341
9477
301
2437
9382
9514
4295
6795
2240
6313
6740
2722
856
7087
8207
9190
8163
3844
2810
7695
222
4314
542
3077
6989
7026
6948
1978
8538
3479
3628
961
2477
6475
9049
6907
180
1863
9121
2705
8195
7712
30
4069
9019
8209
769
3627
2909
1104
773
3740
6033
6648
2359
5232
4893
1134
7925
736
403
1811
2538
4768
4425
6240
7266
8312
6820
4471
3688
1873
6052
4437
2920
8707
5556
3294
6056
4669
416
4705
9137
8156
9052
9956
788
2719
1351
8245
7965
1624
5818
8774
3634
6704
6889
987
8186
8433
9936
9488
1054
6952
6816
2298
3944
6865
8969
7021
3357
6460
6041
7532
1760
9635
4636
6979
2133
205
7083
3103
5672
458
5239
3696
92
7703
1466
1183
5781
2860
1143
1051
882
2046
3840
7612
8947
4109
6220
7348
2205
4797
337
4167
2795
9438
1058
3607
8784
3808
1962
7379
6876
8209
8033
6669
916
1614
8684
6848
2933
647
8977
9657
580
3210
8766
295
6065
3939
2434
2302
8099
9011
7591
6903
7104
1526
1044
744
7720
689
5027
4694
5015
8320
5633
7235
7529
8438
4054
6615
3722
1317
6257
9343
8908
3057
1249
3673
754
7235
3348
572
8133
8351
5284
8382
3030
6981
3316
4774
3630
4793
9049
4925
832
6957
118
6694
7643
3268
891
9289
1761
730
2262
9523
2147
5908
5875
3287
2205
387
7322
6611
3908
7342
5791
5723
5517
9543
7062
9312
3026
1082
5565
7727
4065
3033
2025
9148
2320
9418
7998
8405
9051
729
319
7120
9977
9358
4979
8390
2951
8040
2670
1996
3888
7328
1349
9187
2565
1921
2395
7857
5375
3628
9280
4791
9331
9280
7548
8027
2806
324
6880
9925
1762
5182
2674
6885
3567
3342
5629
4393
7014
7251
6903
2039
7085
3706
7976
5656
9646
1588
1867
6818
3958
2511
8383
8005
5456
5796
4094
8954
6880
1911
8729
6671
7202
6428
7677
2681
7942
9004
4432
9071
2292
2025
8227
3485
367
3519
4281
8378
8118
4281
9855
5339
9344
8823
7920
4019
1
462
5401
3502
9261
7504
2280
486
8405
1540
7631
2921
3446
9142
9081
4889
8886
1610
6681
4557
200
2597
4325
5996
8574
8572
4883
1900
7892
9929
6773
4078
6411
5903
1227
9925
6407
843
8110
3298
6353
8189
8590
559
5879
491
3085
2482
5498
8275
7416
3460
5100
6273
4594
55
1407
6870
3627
9679
9838
8926
3631
8377
1406
3216
6396
9993
7969
9361
8374
7617
3469
3626
9419
3708
6961
5059
7229
974
9662
3293
1635
5291
1949
1855
4464
1322
3948
7903
4212
1609
4889
1118
9311
3397
1821
9104
2912
4989
8322
7906
7140
3084
847
3080
9241
1810
6267
2850
3077
6582
27
3662
3000
3995
4416
4873
7383
8876
2107
1368
1898
7163
8200
6781
8350
9406
3640
8121
3751
3566
8926
9110
6637
3828
4767
2491
4356
486
3653
2231
1356
9762
1630
4834
9195
4682
7113
4045
7000
8279
5344
3304
247
5079
2301
7604
4228
2577
9733
3332
2944
1805
8445
8450
5036
4857
7841
4582
7682
4093
6089
555
4938
2906
9158
9992
8330
8243
6494
3597
6676
8689
5787
1168
2793
978
5242
753
5759
1378
5833
3298
7158
3086
7981
4010
4146
3857
440
6055
7717
1395
1539
9198
1520
5528
129
7145
5708
7306
1457
3335
4246
9372
9382
5387
9687
9312
2095
4127
2793
6853
6282
1638
5871
8252
9342
1762
3131
5648
1392
5369
7221
7263
1589
1952
8039
3747
6968
8971
6483
3323
8080
9487
3664
1992
9664
6244
9427
9860
4102
9281
8968
4220
1194
9978
8579
1598
6602
2802
9706
1452
5647
8507
7973
2735
2775
4122
9449
924
6864
8717
5542
9322
7594
5921
4126
825
1084
1704
8810
7893
5756
8884
9369
9101
2852
7906
7695
8635
1027
8937
2364
6388
5288
2522
7484
1561
3277
5831
5488
8590
5722
2548
2834
3582
4261
9664
2752
6426
2131
3827
4174
7345
7563
56
2115
108
4035
6238
6523
7405
7295
8011
2308
8144
748
345
2519
7472
4140
5372
7170
3192
3757
4991
9013
423
9840
9632
6842
4985
185
219
4093
9663
4726
4278
7635
2082
1739
6932
3051
2766
7276
5906
5052
5535
5845
9237
2889
7446
939
1041
1425
5690
4651
7160
8640
4944
50
9364
5762
8698
3449
6970
4835
8921
1263
9207
8313
3204
2519
1677
1721
9904
144
5083
9041
8427
1516
827
5233
572
2463
2475
9745
6598
8118
4272
9777
5849
8603
9359
3873
4929
328
9764
2780
9290
8716
2349
6817
1195
239
8615
8722
8066
8824
9913
6303
6035
6829
7044
6761
7077
1122
7184
1168
5836
4779
5722
7283
8876
1252
364
392
3463
2906
5386
9818
5929
5888
9914
6453
4666
2568
2735
7878
5430
3033
1111
8373
3197
434
8964
4908
3819
5219
5156
3425
4702
7841
7822
6488
9453
2182
5220
6694
5200
6689
7824
8773
1440
9854
5538
6678
828
8293
2998
3111
947
6977
3972
7560
1569
9454
172
8852
3675
3236
7061
5887
4115
226
608
2849
8076
7725
2572
2324
4790
7885
3641
2376
9973
7688
8601
1067
6186
6325
5003
5298
8899
4861
1703
3406
470
7356
8479
93
6081
503
8479
9804
9937
1379
320
9447
8995
4196
1264
4222
270
7762
2480
6686
4322
6053
584
3250
8831
5724
6088
9029
2456
3432
8520
4976
9610
8624
8783
3824
5551
7306
3323
4781
7483
2909
2925
9184
5797
7524
7295
8934
639
4052
7560
6282
9749
8152
6348
9536
2712
3783
7523
9749
3535
6848
781
8630
584
88
9752
8275
8741
599
5013
9272
2646
9148
1350
4387
3660
4037
2626
5950
2313
8526
21
7415
3533
2865
6385
5268
5792
6806
8638
6777
3015
864
4105
88
5466
2978
5975
7312
5491
5049
1101
233
1618
5376
3911
4503
8328
5681
8859
1205
1687
3291
5377
2955
8878
1275
6804
3813
1515
5821
7709
1229
7063
3351
6779
9980
626
4766
3842
8534
6794
6391
1068
4572
9000
5247
8030
4285
9124
8956
5288
5406
1748
9085
4076
2678
8451
9381
3141
1491
3808
9153
9315
2925
393
1306
1625
90
9809
7686
9830
605
6395
6285
1378
6048
3402
4084
8292
8522
1537
4826
6118
4601
4585
5538
2750
8857
3127
3510
1354
3716
619
1556
8148
7879
3550
6648
6677
599
7858
1122
7305
4167
5652
4245
4221
9251
5188
5725
5220
4442
2256
6237
4597
825
5360
967
6134
7105
3352
1935
1384
7401
2246
2821
2615
3836
6813
3435
2520
1160
8886
66
3825
9260
3651
9990
2787
5960
3330
7794
8310
5589
1482
7949
6017
2164
5611
7931
7547
9396
3543
9553
6637
1598
7287
7882
785
2628
1672
85
8921
5061
8548
2507
2957
2627
519
5797
4641
9784
3955
7541
7172
1281
7084
838
8460
7660
2809
5329
6088
8473
3091
976
8131
975
9553
8423
9904
4552
2696
5448
9897
3700
2823
3415
7524
4991
9138
6227
7729
1618
655
9168
7853
9542
9852
6655
4024
162
2316
164
1100
6328
4027
3648
5300
9024
3843
3696
2110
1654
2152
4258
7768
8533
6901
1412
3154
8906
3241
594
4406
4463
5045
3796
3105
7651
2831
6425
2080
526
6783
2038
8572
7012
3863
9110
9633
8519
6378
543
4917
5827
1296
674
6688
7860
7650
7967
9613
8466
4776
843
9777
3155
6942
3171
6930
3271
7231
4246
4256
7932
1348
3512
6696
3610
8500
6374
1919
5947
3160
3709
297
8137
9007
4940
8514
3093
3503
3433
4176
8608
6347
453
8500
6801
6833
3649
3959
1812
6855
2046
2334
1240
3705
4806
4212
8189
7461
582
137
7177
7363
8275
5153
6903
6533
1423
5847
8638
1225
8693
4008
3513
936
2061
2393
1020
8560
2036
6194
8679
5521
8223
6112
3956
9292
7333
3411
1024
9231
7759
1728
104
5211
9014
5894
989
1399
1172
1504
5692
7177
937
7010
7187
5333
779
3485
105
209
6644
8969
810
4309
8480
4773
6333
7604
4494
9972
4952
1380
740
5857
7548
3054
8789
8919
4497
5751
6271
1560
8441
2327
8856
205
7331
6272
510
2280
427
8805
9147
9429
2325
1988
9133
7257
144
3415
263
149
1924
6959
4040
4425
1789
5860
2862
2660
6461
5281
2146
956
5440
9428
6333
3315
683
7680
3238
2673
1608
4759
4767
5186
8643
5167
2531
4651
4733
9911
6450
7430
3588
6033
8688
3760
7279
6209
3872
9734
270
1571
1241
252
6077
6170
5358
1473
4943
8711
381
6612
3186
4146
6281
1016
442
6055
6686
4290
430
262
5045
9763
5772
7988
777
3764
5569
8606
8711
5471
4377
1027
9545
2108
7609
1195
6770
9063
3551
7616
3424
4448
4933
2497
4336
436
2394
5934
5555
5840
4422
8195
1200
9145
9317
8576
1737
685
4369
4757
3499
6932
7551
7145
4065
9165
1819
7808
4872
4898
3401
9843
7325
1251
9099
5426
5980
3750
2108
6725
4824
1361
4777
7158
4936
604
1462
6602
2396
1018
1619
1614
3814
6316
1317
1851
7960
2475
2544
2753
412
1174
1272
9998
9662
2557
1364
401
7054
1739
9711
289
1606
2561
9485
1493
104
4878
175
3577
2608
1493
8751
4085
3461
7916
8632
5418
3492
8019
3663
2344
7835
8548
5134
6704
3533
8051
854
6922
4537
897
4137
5198
9382
2426
8168
9578
1857
6964
922
7388
5395
6154
3697
3436
5322
319
1716
506
5311
8966
6960
2879
3897
2589
89
2284
8344
5962
1621
9051
1985
1099
9498
5798
8231
1495
5680
5289
939
4389
3355
5948
6966
4888
9939
7485
1748
5696
1755
5615
2276
8476
8462
9631
7737
2779
4965
9293
1159
9631
9535
8040
9803
2234
8639
3861
2545
5955
39
5908
2142
4916
4385
9461
3571
4842
2244
358
8718
5705
7261
1934
5471
39
766
5767
1499
2004
2985
1168
5365
912
2845
9618
166
5540
6844
658
3509
7027
5258
5711
6380
7227
36
662
4101
7882
71
3488
6377
6958
5280
8645
7943
7549
400
4913
4900
3458
3457
7210
2975
6144
2481
9265
1851
7782
3592
9144
4670
5045
9939
6480
6783
6222
8517
6934
6187
1630
389
4354
13
5794
3671
7729
514
7959
9981
1099
8246
5617
8604
2114
7598
9430
8119
6484
6951
9400
9162
5667
2905
4086
3952
123
646
9623
3559
6504
8357
41
1356
7604
6010
923
729
9308
2715
6352
2569
5746
6028
9639
9658
5073
5941
3047
1694
2632
6837
1974
6479
5661
606
1021
443
7358
4211
4727
3636
1339
8615
7455
9798
5028
6572
3829
484
7002
293
6823
2076
4831
559
7652
9161
2938
1155
7862
3780
9139
740
1822
3151
2545
5345
5993
3932
6494
3580
8440
1218
363
4006
7683
3428
5539
5984
218
4908
5166
6649
7153
4143
5124
7756
8521
9075
1136
766
1229
5962
7199
3895
8220
7178
691
4724
6861
398
8794
6068
169
2914
951
6139
8712
3337
6195
5094
308
3183
1203
81
4470
6766
2064
7679
9861
8508
9944
3149
3458
6811
2757
6214
204
6974
3988
8108
5552
254
1219
1393
2847
6933
5643
1441
3362
2335
5954
7411
6391
2289
3625
9905
4248
2284
8890
593
3317
3997
1318
2305
4110
4897
1517
1462
2966
6966
6527
3147
8963
7697
1334
9466
4805
9390
6707
3124
9126
8766
7271
1171
1639
5488
2764
1878
6393
1434
6114
1942
1160
7429
2099
8185
8496
8290
106
2748
7903
727
1889
4313
9362
6880
4414
6172
4452
5321
6126
945
9661
3808
5196
2050
6683
1927
7790
2400
4229
742
6697
5443
5606
8192
9415
7563
5162
3629
1796
5886
2070
9956
1139
7107
594
2091
7836
956
2584
5480
2126
3101
49
4274
3798
8769
7007
4093
2381
3825
7086
3756
6455
7665
2583
2665
2220
2438
2867
1488
7782
6478
9334
5848
8695
5496
1706
6912
215
2253
7878
6043
4175
1146
3851
2260
4429
4945
8737
4330
8517
6858
4640
4976
4885
3179
5026
4410
2121
4769
5909
9835
159
2720
2273
6915
4413
5499
157
7351
9965
4318
3419
4877
1714
9843
8050
9987
787
6638
736
7927
1713
2614
8497
791
3625
4823
799
9163
9614
3332
9818
92
5192
6509
2360
9382
661
4055
7518
1307
8063
5629
2794
4500
6621
243
2016
8440
7583
8012
7867
4781
4018
6647
4592
8448
7378
1459
7454
888
326
6426
9904
4605
9146
5888
7184
26
3544
8816
6220
9347
5029
763
4610
5042
379
4638
4490
6415
5840
634
8857
2319
7700
8396
1643
9116
2764
8340
5404
9757
1838
9381
5115
1257
9728
2258
42
2588
2590
1095
675
3089
7807
6793
2002
6896
1076
5897
7108
5346
4220
3967
4464
4888
6471
4328
7903
1122
774
9154
3233
2323
7721
8982
1589
8105
750
265
8717
8869
3380
7580
3436
7017
9044
7601
174
4206
7701
5514
7995
2685
7339
3135
3270
108
6515
3759
878
2364
7938
1080
9747
2831
7313
9488
418
1263
7610
6285
1785
7829
6651
9413
3062
9845
8330
4660
2836
7247
5083
8454
3396
4404
4682
8789
2174
4952
4594
9704
2803
1215
1735
3765
6952
7584
7523
3402
6760
154
2478
3598
7621
2439
649
8647
2346
2451
7057
7256
6485
7801
8543
3631
447
5876
2845
8624
4360
1487
5427
5954
9703
1584
8041
7574
6204
2778
4181
2662
541
6328
2881
1009
1667
798
9925
7164
7950
7552
9018
9450
1085
7777
7671
9865
9130
7257
9132
5842
334
1680
3320
9614
2399
253
5235
9165
8544
7188
987
2949
5844
6244
5448
4320
9526
7521
265
2563
7100
9412
1754
8113
3467
5798
1528
22
6030
770
2207
8926
5300
9755
864
8224
6121
860
9782
311
1132
4091
7615
2987
8211
6596
741
8595
7559
7402
9600
1493
5119
3680
3861
4516
5494
9012
3214
3598
3219
4004
6135
9653
387
9177
9969
4457
4570
1765
5289
392
3014
6383
9285
470
7888
304
5728
8805
848
3294
8198
8636
3979
1621
8030
1155
8866
2494
7498
2029
425
9367
1651
532
1126
796
530
8670
9243
5797
8910
9333
7464
2909
4824
1428
5024
4583
2535
1389
389
5381
8739
8090
5745
2448
8905
1064
8329
2400
3572
4232
1928
9499
6533
5156
4220
2126
3240
3464
5188
5391
3307
7616
6215
5386
8443
7552
7111
900
8982
9145
8773
435
8055
3823
1147
3725
364
9229
5195
3815
9469
6344
9719
5085
3382
4380
4320
5242
2625
9432
2341
2398
2946
8278
8242
5782
3838
8398
8405
7426
2346
623
8153
83
7977
9939
3395
2916
262
2639
2394
5575
5766
4483
4490
8384
3543
3698
5632
500
2222
9222
4849
2524
2984
756
1657
4599
8847
3970
9786
6454
5580
6539
7503
7823
9969
3004
1928
8218
1320
514
8985
8608
8423
9305
3862
4136
116
8146
4866
9639
1822
1808
6864
4146
8267
5696
8999
3020
8868
5186
7994
6519
6428
4367
4868
7315
4128
9
3411
1282
1775
5680
7606
9991
4290
6526
4928
2552
8127
8387
7067
9897
4569
7729
7252
5098
1215
5770
2534
8547
5836
104
863
7324
1850
3505
7892
3940
9605
7730
5389
3292
4293
5561
746
1810
6277
5584
8629
7736
4711
6709
425
9140
3319
1405
9922
6577
422
3420
2068
1627
9870
9556
1255
3505
8419
2732
9944
7480
5068
8374
4629
8283
3562
5321
8415
3186
6696
345
5474
9503
7416
4605
7931
8130
7954
1523
5255
9645
5471
1964
7357
2905
5568
3479
9978
9623
5071
9302
5554
5995
333
9148
8325
2287
1726
2016
4589
6239
3427
4638
2820
6477
1451
525
6772
6038
3971
7457
9121
9628
6443
3362
5549
7011
364
2631
5815
7942
540
6367
7321
4247
5664
1794
6603
9025
5874
1019
389
3337
5157
589
3834
1243
4531
9901
247
8501
221
5248
6064
8509
2017
9923
3024
8985
3549
7069
2971
386
2417
6975
5654
2868
8331
6560
5493
6194
8030
8265
7713
8918
3820
8031
3090
4653
6113
1960
9107
4503
1203
6465
9213
761
6651
3384
5755
1857
4110
1935
1860
572
1959
1901
705
9973
8570
8282
9948
153
2576
4411
7008
965
904
6671
5449
7461
1458
9976
7589
3441
6912
8945
3974
2763
3465
730
6811
81
1481
7052
9768
8966
3660
5517
8669
2145
6823
4681
2634
9645
2876
271
7803
8367
623
9531
2102
4386
6885
9823
2308
241
2417
2673
5807
1409
4991
8922
9977
1399
9165
6416
4565
2463
1508
9255
8661
9027
2338
9659
4739
4769
986
2734
40
5221
900
2659
5589
3720
492
7240
6173
9484
9914
8067
3274
5071
6583
7324
8737
5637
3759
785
6844
9456
6334
2669
8568
2992
499
9988
1584
5239
2361
9516
2518
4203
7593
3675
6821
1765
7739
3161
3084
5484
3246
4161
7586
6481
2270
7027
3994
9519
8554
3011
710
2948
3966
4250
8376
2072
4381
8659
2748
6399
9954
6379
2370
3996
6532
4367
2429
3709
8403
22
5777
9646
5148
7655
5401
2187
188
3428
9478
3325
5591
9158
6323
5625
1688
2023
8027
1962
6017
8194
9340
1891
6486
1108
5452
8376
706
8768
5869
8266
7189
8112
1344
8159
1346
9760
5821
7784
192
5901
9747
7325
6743
320
32
8270
7227
4411
2295
4495
7845
6792
8381
6415
4359
7508
1222
2379
5406
1820
5573
2845
9123
9473
4886
511
568
9686
8884
2478
2714
1568
8058
8544
696
9161
4853
9137
7486
9405
4304
4188
88
2167
9233
4037
7625
4151
8439
8160
950
7153
3646
3273
7514
2612
9473
1250
9768
8329
369
4583
339
4497
7057
81
966
941
4565
7334
4692
8140
1847
2857
7811
6332
991
9435
7590
931
6910
1608
1630
7390
6995
4120
3295
2292
6397
6503
2251
4010
6559
6207
9135
113
6186
2404
4888
9429
6837
9721
9438
1077
2174
9029
6519
1702
8544
5502
8913
8122
1613
1184
8170
691
9881
2590
6179
6319
9575
234
2780
8181
5428
4857
7919
936
7020
4052
3607
5514
615
3343
3814
472
2108
4053
9391
3325
6017
8840
3952
2978
4189
7582
4777
4988
6809
4658
922
8707
583
7599
39
8789
977
2328
28
1264
6310
3414
176
4422
8239
2158
4570
1858
6084
1398
139
5212
1876
3322
2189
7535
8920
9813
1783
7026
1381
3098
9417
6405
6375
1028
6721
1458
5857
3345
7591
3983
5866
5223
7550
33
1891
7469
3164
4193
6393
3887
7804
7569
9869
2581
2241
2502
5532
901
6836
9129
7856
15
4644
7170
1403
4060
6705
7227
5780
462
107
6980
8087
4952
8951
9348
7910
2156
6289
2840
6390
6051
1117
9103
4413
683
5572
85
9282
3087
5174
1083
4124
5454
6590
4962
2725
1453
8659
6669
4054
5106
632
6143
7558
6468
2307
4270
7224
4677
6686
4232
903
957
7479
9264
2152
4398
7827
7081
1653
384
409
548
8278
1944
8965
7992
708
2160
7520
3058
5332
6705
6421
5657
771
922
9891
6793
6830
9461
7493
5135
5849
6357
3179
7025
5160
7520
79
2549
9966
8473
9328
2621
1432
1684
5318
3296
7998
1073
1191
3961
4643
4054
8986
942
2048
5601
4829
6971
3647
9532
6438
5128
9199
3612
7684
8366
7273
6862
4390
1564
1420
4379
1973
1206
1070
640
5683
2732
4863
9979
2547
2873
8382
5812
2881
2479
9107
6177
2360
4358
9694
3411
641
6655
6110
411
8107
2438
7018
7041
8371
8756
564
488
3710
3440
3013
8887
833
8133
7549
5445
7688
5534
3640
1766
1441
5972
9793
7746
2241
1252
3666
2402
6326
229
5077
3848
5984
3915
581
7869
5198
6527
53
8075
1371
6963
4550
8150
4018
8603
8864
9938
2983
8401
296
579
279
4496
7787
8862
5477
7153
8512
1777
784
6447
8224
602
8413
9043
6266
748
2765
6606
2410
9976
5610
6683
9209
6883
7731
842
3234
8893
3961
7742
4336
7958
7572
1612
1425
5313
1928
9483
7802
5011
2182
4136
9251
4088
3737
1525
7303
8273
3185
5324
3364
6473
2892
2205
5418
673
7928
5050
5003
4823
5981
7132
8939
7664
8060
8697
4660
9868
8510
5874
1794
7164
2680
6665
6070
5547
6436
930
4661
3953
3409
9153
4014
7414
2126
3211
270
6841
209
7528
5979
2037
6333
3064
9796
5678
4687
8764
5939
9726
4205
3478
7865
3947
1775
1500
6284
6059
1961
174
8514
5444
4729
9168
5622
3073
3758
1510
2925
8449
9493
2217
5237
2687
8718
411
761
6601
7193
7341
650
2048
5276
1864
5246
9743
926
6784
9017
4737
7704
1144
2384
9866
1122
27
2700
8091
7899
33
7006
2642
8680
3279
9546
5284
9698
5521
7317
57
6771
3981
9562
6844
5481
9233
4072
9123
124
1111
9650
2651
2534
999
8673
3817
1604
3523
2105
6097
8358
7886
6792
8912
8591
9937
1119
3301
4425
7130
4888
1424
1160
2106
1883
6521
5087
3134
672
5177
6277
1585
3333
815
5871
3631
3666
6658
9934
7886
4631
5205
5257
6517
4595
8065
327
5509
5032
9397
7844
9830
9002
4605
8010
3087
2871
4250
7683
1553
6446
453
4694
1307
167
9717
2988
7204
9790
9940
9883
5896
7379
8584
677
1764
5890
638
6858
9606
9564
9799
6829
5823
503
8696
3622
2989
7937
9648
1026
9236
1741
3479
2959
9703
4186
5832
9218
6317
8520
9949
9358
97
1668
3900
8098
3170
3482
1272
1234
8535
3636
818
1294
7966
2904
528
2831
7068
2409
4514
7940
8958
2634
7943
1807
7694
8417
2004
9017
1485
5701
5056
8405
9428
4399
