2659
2645
7903
1546
9455
4996
842
752
7384
9396
380
8060
4402
7698
2715
4807
4264
4311
6991
9261
347
9412
2833
3402
7604
704
3308
327
618
533
9750
9404
4640
2745
6281
381
5242
2820
6395
337
785
501
7056
6455
8646
7933
5974
6750
2162
5770
2219
3614
3692
2126
7759
7731
9234
4269
7867
7152
8033
5449
3977
8097
3821
2949
2809
9167
8935
9327
6002
2596
1337
1321
954
777
5457
2608
8370
660
4197
5904
7812
5472
7277
6598
2065
9115
712
5273
9915
2987
2791
513
1253
4297
1212
4569
2121
1252
2073
6917
4707
5755
8354
6371
1410
5006
1147
7202
9919
8360
8293
4344
829
2385
2017
6732
9398
7612
4575
3343
668
6343
8697
2804
7043
980
3711
6663
6052
7369
3658
244
7708
2902
7292
8726
6783
3455
6068
6990
8456
4526
2030
9777
594
7122
7589
7314
9237
9809
5110
6774
3718
7152
6851
1039
9031
5009
7683
6187
5530
9593
4604
9568
7137
9753
4013
43
9368
567
4107
5776
8083
191
5094
3566
7808
6427
1188
4457
80
3265
584
7111
2793
1646
3390
1071
1536
907
3940
6492
5880
2704
2541
3164
2872
1940
4560
2991
2992
2944
6808
8899
121
642
1713
3407
1895
3789
9935
3235
917
9508
6157
1335
6885
4609
3977
6822
7084
6473
3800
8056
784
6224
3671
8958
9607
6088
493
7500
8501
2255
3096
6640
1310
2092
582
8026
5767
847
7746
8024
5520
754
8616
1995
1988
6798
6096
2189
1109
4236
1588
3502
7445
8995
3704
4817
9458
4870
112
3346
7741
8087
9132
7693
1116
6226
583
415
5538
5687
482
3903
7685
8297
6611
5743
7720
224
9808
7907
3257
8819
9449
254
6308
3722
9561
5617
3087
6967
1704
9251
2785
7827
882
2083
7486
8013
7990
4737
6211
4657
5957
5380
8968
428
201
3189
3242
6512
4711
1445
6967
2466
1910
9878
5956
9117
8144
36
2346
1053
353
6722
3827
9692
4593
3813
3252
1743
2746
1315
1429
988
316
5613
9699
8782
8501
2226
918
4597
9939
1625
2557
5658
1308
8912
5504
6268
2036
903
8564
9337
4860
662
6316
2410
1115
3640
2391
4855
1686
602
6163
757
336
9596
3470
645
3530
3794
4825
8657
472
1467
3906
9469
2509
2145
550
8171
4371
753
9960
3878
4344
5003
8552
1151
3121
2947
9112
5604
7719
9745
2975
2000
9136
5429
4734
314
6092
7071
763
7087
4381
287
9967
7367
8810
4702
8525
3094
6648
394
3122
383
2354
9512
7508
2300
9717
7924
3773
2140
1420
1688
722
5652
8786
6141
2762
5382
1024
8534
5669
9503
10
7620
8065
1755
4776
1329
5876
95
4126
1192
6494
9746
7982
2882
626
5874
6664
6344
4271
1222
8111
3307
3919
8533
8188
7695
6672
3675
5313
3475
2175
843
645
3540
3710
68
1184
6462
800
8013
758
3290
8031
7957
5523
6646
9235
3419
3118
1868
4550
2179
6387
8669
2502
5778
7136
3484
7576
1109
9345
7936
4772
1040
700
8980
2652
9671
6710
8102
6611
653
8309
3617
5331
1865
2916
1983
1732
9553
9903
9578
8717
1362
9620
2301
2118
4230
6637
2457
5752
5267
3519
6322
2822
2588
9608
7781
547
2505
1465
6332
708
7856
9138
7056
2984
7611
3719
3911
9891
1864
1491
8162
523
6285
276
7368
8529
5626
1753
4027
1131
9232
3450
6400
372
7364
9049
7079
9463
707
3086
219
6736
2324
9728
6547
7155
400
574
9288
2911
6798
5144
5066
5770
8464
6735
9842
4551
1389
6440
4900
7668
9435
9971
6996
5334
5818
4966
603
3253
5316
6880
5801
3374
4426
2938
8404
6647
8826
9317
4860
5674
1547
3101
333
2234
9174
5046
27
2430
8149
1769
7249
2247
1054
1583
9772
1252
2497
8699
8131
6430
6987
8932
476
8969
6365
2298
9549
3334
8658
4613
9017
2422
2620
8035
230
591
7845
9352
2424
9650
7024
9847
5026
5443
3540
2322
5895
3171
850
5057
8950
6470
5612
4353
9514
652
9019
5493
8188
132
3991
5813
1462
7987
2910
3940
2330
1190
6676
2450
2570
3039
4994
5176
8031
3511
2692
8565
1229
3415
570
1936
965
2436
130
6223
9334
1227
359
8651
1930
484
3336
8774
2542
3390
8770
8551
4362
845
830
8966
3935
3859
994
5504
4765
4496
2773
5093
8301
2485
7303
988
1844
4105
1106
3945
9127
5466
3313
3670
1494
7698
9272
8741
9512
5387
9248
9011
5775
4505
4934
2526
6241
6374
5413
1846
1164
5852
4104
2224
7487
458
1025
6765
3830
7645
9209
8656
3085
1232
850
5348
4343
7089
985
1053
1305
7428
6028
6522
9877
6072
5361
7172
6470
2653
3996
2102
3857
4840
6613
3073
9168
6850
1151
7194
2429
4413
3540
8102
8664
9943
5098
4399
2623
1927
1623
5369
3679
2473
3918
8781
1767
5940
9747
9712
5930
4071
1885
3209
1995
9840
3312
2962
5548
4534
9405
7656
1881
3708
2235
5997
8559
5720
4874
139
6995
2407
9256
6239
9768
2762
9130
3473
7708
3608
1089
9979
63
562
1306
8664
8792
6437
7298
807
1009
3019
3161
9485
4843
1103
3465
54
6384
2038
5447
3487
8882
3599
7151
5513
7017
8965
9952
5449
1237
7089
2614
559
4242
8498
2887
1967
2073
9074
9834
9852
8526
4798
3205
5802
9285
8691
2661
7677
5476
3671
7805
7435
6655
6933
1813
6170
3447
9202
2316
1599
6439
1675
5119
5093
3799
5417
3970
5534
2188
8023
7408
8852
9521
386
5668
200
6324
689
6431
8983
2646
3745
501
260
1332
346
8071
6062
8108
9796
1105
4866
4498
1978
458
9582
7289
6548
7457
8856
116
2779
3089
3851
6255
1962
2819
9543
1634
6603
3358
1504
9713
3773
5892
5335
5688
9706
4011
1732
2170
9213
9981
6213
2254
3124
9703
3427
5738
7252
1045
6585
391
2931
4838
3047
3206
9459
736
9214
6775
3681
1946
5503
3579
301
4214
3935
1840
6237
3597
7354
1978
6785
7375
5095
6006
7072
3928
7556
3287
7358
219
1516
5780
8122
7675
5344
8362
9291
4746
4902
3302
8068
5315
2382
159
9799
487
9440
3160
1289
3819
1851
1876
5762
95
3739
6105
9933
3278
4980
9576
3528
6359
3617
2838
2915
7469
501
6282
1609
1896
211
4310
3703
7809
7359
119
548
7556
9938
3969
1342
4141
3846
1494
3220
2854
8779
3297
2766
8696
458
2815
310
404
1766
2199
722
5410
1103
2657
2066
1441
6689
17
3101
2665
3753
8572
8334
107
8846
7706
720
3399
2038
7357
6447
2641
6880
2101
5183
969
1839
5218
6375
3385
4811
429
2913
1239
76
1861
404
2336
1025
6482
8320
4584
2958
1674
8027
1401
2377
4792
3136
2779
6892
8563
203
3671
1860
8664
5821
5895
4225
8454
1374
9906
6765
1456
8578
1717
8420
430
7228
9573
1874
8359
5833
1759
189
8543
495
8762
7699
6353
195
1022
1878
4738
8089
8400
8101
266
181
8607
5015
5488
6502
8428
5910
7953
7227
1852
1486
7589
5088
3227
3558
9188
5346
2123
232
5278
7366
118
9655
5342
4955
5689
9977
6118
9823
7078
9479
1770
4635
6584
8787
9843
6333
9766
28
8825
4001
1330
3628
3315
7398
4395
2697
6168
4848
617
1570
7701
1643
7793
8161
6356
4537
8025
4742
5850
6107
2980
5865
1562
9723
3143
994
6031
3005
7375
8554
7872
3073
9848
6156
8178
8219
3375
742
2026
6579
9727
7246
5761
6072
7411
1060
9379
1525
2647
9595
6954
3990
7842
9578
6802
1730
5184
6759
4172
8548
4717
4860
4579
2608
1504
83
5468
4252
4851
8501
212
3128
4152
8428
1397
6420
9517
2343
6597
6279
9588
9707
63
8963
2961
8784
6084
6587
9367
5055
8975
5630
5925
4421
9357
415
1717
8044
3813
8037
7391
778
8772
3866
1126
8112
8619
4865
1268
7146
3259
3096
8585
8367
31
7025
8122
866
3729
7002
1661
3067
4000
7515
656
7329
377
5332
6204
8312
5014
3768
7849
7280
2748
8011
8238
2916
3319
8154
5649
563
7260
2450
4726
2927
4109
2141
4864
2318
2155
5884
1583
7915
350
3606
2501
5026
2749
1226
8487
2476
3357
5702
4156
7629
4550
6331
3977
8320
8864
1038
1455
7639
3090
4538
5058
8057
2668
9607
263
7737
7906
3312
2888
1274
2347
6944
6287
6357
7020
9503
5276
7206
187
2134
5174
4922
3149
3167
8713
1018
8869
9762
3746
491
3045
9079
9332
1110
6246
9653
8699
8671
8436
5147
6749
4995
4511
2936
7581
6377
3162
6730
2768
4171
9774
9459
4796
5614
9377
5330
1491
461
91
7373
8111
909
5540
1888
7716
935
3922
4018
944
6987
5166
2684
7314
5917
7455
3486
8068
3080
5431
5821
3353
1893
1350
8127
7658
9194
1058
3123
6749
2100
2328
7415
8867
6088
819
4218
8603
5270
357
6460
1409
9864
1081
1957
5467
9977
798
4639
9708
8374
6534
8735
3944
3402
592
6566
1535
1836
4196
7694
8382
9467
7346
488
9783
7305
7947
202
3242
2573
989
197
8372
4850
9768
1264
9168
1784
4095
9012
8034
7435
1620
9337
2590
8673
7861
9347
3177
1162
6909
1856
4842
7015
5245
6426
5530
1879
3079
9229
2090
1573
4461
3417
7675
1124
7449
5572
5657
3911
4600
3473
9820
6424
5434
7751
3397
2547
7665
9071
586
1154
9313
1904
9233
3307
3039
5950
6340
4605
3191
7948
4932
5553
2053
5022
1781
6290
5412
8105
5426
7401
98
1435
3910
2252
4815
6824
4150
4032
6371
993
4924
6844
4067
4384
5508
6661
626
8250
8891
1095
3031
7131
9820
265
92
2257
4448
7529
7516
4281
2931
245
5271
4849
1814
1555
2026
7444
4805
1313
4284
7343
4575
4109
4819
9195
6798
9718
6355
2467
3835
100
6984
3858
8432
406
2454
3558
7077
5505
9601
6873
2590
9434
122
3432
7329
5568
1246
3974
8255
3216
9780
5642
2386
6321
1130
4216
1619
9038
9238
2592
9394
8884
2404
6899
3217
3301
2135
1788
8301
9715
1598
2440
2461
5720
2241
4973
4850
4967
258
6461
5387
1847
9267
6882
4662
7204
7449
417
7376
3650
9381
491
6890
4716
2462
7875
9880
3350
8904
9165
3308
9346
2455
2481
6177
7195
5767
3453
307
8156
8468
5953
9048
7848
7091
406
1410
9717
1147
8223
4569
2160
1995
8336
7248
678
1680
546
4264
2495
7081
2574
9338
8414
9830
1579
9882
286
8143
3756
7899
3792
480
1159
679
6304
4228
9344
7131
3968
4176
1978
9231
5924
4848
4583
7283
7548
697
406
7816
7717
6436
9195
8983
6213
3040
105
8382
2603
5651
8435
5261
3090
1011
4771
4608
9106
4597
4815
135
3583
3210
6593
2976
5524
4865
271
4931
7313
9824
3043
8021
3146
4600
9470
8181
8472
8964
1651
4422
5133
1040
9505
4227
6590
4660
3297
4079
4983
3250
9255
9313
476
6586
5664
5291
1703
1117
4898
2224
6170
9301
4752
9327
9336
5804
4020
2219
4348
2141
7992
7330
8240
6740
2349
3738
1018
6996
2953
4801
4600
4338
1333
2886
7358
4554
9890
5300
9756
4995
3672
8850
1170
9780
54
993
7684
7865
835
8874
8850
3897
2540
2591
1235
4412
8595
2880
8103
8871
7901
2275
7313
2707
5127
1473
336
2865
6189
4620
2344
7635
8320
5896
1901
5026
7311
4563
3426
6857
6990
8346
232
255
3331
1296
8177
2759
9656
8820
4903
9654
8647
9582
3766
5706
5880
4382
8621
2467
9109
5874
8791
282
5675
8579
433
2130
5486
2167
3190
9190
7985
2681
9286
1041
6273
8545
7483
2575
7118
2806
2523
1958
731
212
4387
9895
8235
8085
9546
6943
1827
4058
5109
7784
4277
7290
2233
7034
1535
6962
3467
7735
8504
7338
2089
3079
5
8687
5538
6302
7650
6251
5503
8845
8855
3079
802
2405
1112
8393
1816
1176
9626
510
4782
6406
4312
2302
8910
5420
9018
2390
8408
2928
971
935
1521
3053
4757
3571
2070
190
5749
3195
8227
9227
387
4924
3149
5641
235
8843
3007
6045
1962
2877
2230
7457
2453
9436
9729
9784
1399
5099
5889
3272
2890
7225
7600
9312
9759
1029
5376
3589
9128
6181
5185
124
6310
2093
3626
1749
7644
2280
4470
3293
2422
628
3294
5208
2050
2163
7406
5746
1832
275
4784
4494
2519
3447
7012
6278
5825
3668
6240
5929
8359
7297
9559
8936
4734
3190
4144
7039
8395
9752
2332
8179
8864
6071
5478
9588
4033
9269
7389
5308
4663
3278
5984
6814
848
1314
8446
5062
2525
283
7077
3416
6682
1503
9838
3506
9286
6487
5047
5778
541
79
1051
5789
794
4889
4088
4547
3073
7037
7593
648
3508
7006
4468
4640
3481
7656
2622
5742
3326
1357
9356
406
1799
9262
4782
4847
4399
766
4911
297
5494
4885
109
7979
9068
6811
5109
4023
9745
9324
2903
5105
4405
545
5466
6733
3613
8687
1661
5957
1843
967
961
9181
8528
6292
3368
2412
4887
3521
3397
9655
9039
4498
6040
3055
9528
1169
7473
9659
7909
2655
1577
4899
7979
5552
1690
1125
2382
3970
9693
7878
6050
1872
6898
9670
1907
1168
2707
7794
8656
7589
9132
8612
4765
694
2154
1141
3260
8571
2409
8230
1355
9176
3586
7776
7167
4783
1471
4356
1574
4740
8134
7527
6461
5609
199
7413
6451
142
5578
8614
2866
1485
3403
2792
2496
5119
4564
6763
2958
3035
859
2535
4792
4393
2034
2769
7150
3660
6650
3503
4655
1960
7422
4023
4528
8377
9241
5187
2049
4708
1318
6729
792
2949
1530
4811
1105
4585
4630
4651
1999
2462
5694
8140
3711
5547
6663
4951
3929
9932
2674
2372
6456
6006
9707
577
8580
64
9441
3028
250
5708
6073
2327
1031
4843
9232
4279
4455
4189
9256
6837
2231
3281
7135
1395
424
8766
3937
1031
1547
949
8901
2805
6765
574
574
3900
7168
3786
9470
7121
8639
3236
4124
2079
9455
2699
6043
952
6615
7036
2949
1025
958
6121
1010
6892
8478
940
2673
9072
9282
7980
6931
8605
5465
7854
2267
6875
1600
5978
993
6926
9504
2381
9761
3911
8984
1942
1775
2137
7295
5008
7805
5086
7111
7648
4252
3047
9888
2382
6387
1562
1095
7549
5541
7197
3628
4401
434
5505
3437
9517
1427
7625
1689
4562
2534
1580
5665
969
7169
2173
2890
9621
3388
2638
5492
573
5793
9231
272
2658
1798
7741
7384
2582
5725
792
5107
8726
2229
2108
1224
6388
9752
6955
2675
3199
839
5207
5251
32
6661
8972
7441
766
4870
2563
7230
5193
4156
6961
3289
1251
4458
824
133
3737
7745
342
8860
3213
1697
8873
1238
1851
2607
9293
9777
1667
3724
7215
9562
9496
9103
4186
2452
8442
9251
2615
2804
2947
5713
5764
5075
1618
7115
3157
4461
2829
4884
5342
7099
6627
9983
1614
1320
4581
943
400
181
6853
9160
451
4565
8274
4861
5069
8315
4165
2606
2319
6090
3008
8205
5446
6811
5234
8267
5508
8089
9935
4730
3918
601
1417
5044
8730
741
1642
816
9435
2458
8849
1704
825
7455
8230
1682
6973
6561
8001
9700
7486
2352
9596
3427
321
4633
52
6724
796
6433
3002
3856
5141
2026
2993
6757
5397
2573
571
7882
385
9069
2614
1830
3426
9843
8795
8387
9374
1881
2115
8596
4649
8493
4310
5706
9766
9475
6207
7562
348
3595
7957
9169
8052
3506
2331
2671
4848
1335
1350
6481
9284
3120
169
2793
4767
4062
9594
7458
1821
7063
9291
1279
5410
6887
4986
6365
9320
9974
627
2739
14
6323
4630
7127
5097
9561
4029
9625
5077
2079
6285
5779
2454
2931
3827
866
5032
3439
2351
3450
161
2143
7765
761
3189
2098
5112
659
7317
4265
4721
4753
9744
8014
9787
7346
7428
5645
4908
442
7650
5536
8928
5071
4627
4502
5929
7879
5818
8534
6560
680
9865
2396
850
5073
4482
5810
7103
5348
5088
3795
6020
2086
7949
4588
5304
2284
5992
1578
1274
3550
6055
6158
1633
2170
6653
1033
8973
7842
7339
5570
8191
6487
8407
710
484
241
7824
7344
3856
3386
2096
808
4940
9811
1895
3373
2829
462
7252
239
2749
2174
7778
4241
5764
5040
259
2963
5873
1610
2743
5684
4098
4185
7497
2836
9128
8899
3515
8428
2102
7161
9871
4993
9777
573
6928
280
3541
2190
8227
9526
5960
3419
8478
570
5575
2777
6183
2274
3040
3546
9648
4180
6883
6056
9878
6735
7034
6007
1073
7025
9722
522
8163
534
1657
7257
6889
9665
9590
9881
7191
9127
5584
7211
8357
7122
8003
3510
8489
6231
4382
2676
5995
8533
8170
3104
9683
9197
2973
9162
8283
7203
3482
9541
8436
6675
162
1702
1938
2123
9242
8479
7643
8400
6524
1777
3153
8658
6668
1633
8721
1286
700
9188
4865
1623
9775
8073
6481
7958
4823
3705
7500
9214
5844
6192
4305
8521
5779
5084
5549
3835
6054
1205
7583
9462
3015
2253
8871
2777
3906
4876
8188
9700
2139
3884
1524
2476
964
6317
2315
1520
5165
4492
79
4737
9883
8539
1990
9293
5837
8363
4587
5471
7307
9129
6724
8693
9076
409
2887
5162
4610
2484
5920
3364
7455
9763
867
1122
5228
6875
711
6733
3481
2757
1644
3242
6426
87
7154
430
2526
6308
9721
9964
5748
7070
4014
8746
3903
5888
6822
7276
9505
8549
2881
4354
2668
5244
1902
9112
3865
5622
9404
6055
649
4573
35
6572
8899
2837
9560
5302
6655
4273
4557
3305
132
4747
2814
1095
2561
171
842
6258
9690
1944
6271
3611
1963
982
1994
1549
1003
7473
3361
7828
7810
8323
2159
7718
3541
6302
7715
2062
2679
4294
2445
4960
6882
6321
3687
4580
2909
1493
3641
1202
9292
8422
93
299
7264
7813
2478
9306
4328
7503
8886
1160
4425
6985
4840
4253
4957
4575
2288
7933
1328
3420
6667
226
3357
9903
1116
9846
6513
4581
6778
2339
3353
3629
9959
8106
4990
3402
3646
9473
5548
8425
8779
4724
365
1153
9978
7946
4584
8522
4133
3392
4725
5983
54
6783
6519
2375
8016
9390
347
3806
309
4043
8248
9197
5485
2715
9790
8314
6025
7581
5181
5690
7650
1330
3967
679
7882
1361
681
5861
2286
9864
4226
8161
3904
6468
9727
6643
859
2337
9086
1750
8518
8511
2703
6581
377
5233
2342
7262
9042
6383
3156
9461
457
3451
7776
9556
8882
793
7165
6500
4624
3741
6685
7052
299
297
9487
2061
6159
9292
6729
223
4106
5319
9773
8193
3488
4160
4702
5325
7612
4405
6630
8143
9421
6798
7969
9540
6311
1936
2589
3927
6957
6360
8973
4776
8299
6202
9000
7909
3503
2075
2936
1847
3800
2667
5027
2446
4105
8775
1263
8566
8122
4120
7368
8898
9509
7482
5236
202
2624
5181
6169
9250
434
9598
2756
4150
8981
7682
8179
1447
655
1569
3529
41
4256
2265
7562
7177
4353
9923
8609
5031
9727
4854
772
3661
9310
2255
1615
3600
600
6729
4549
531
1903
2765
6129
1292
810
8476
9877
5822
6336
2401
4962
4258
5509
479
5887
6466
8284
6668
3705
3165
7649
8592
5880
5081
1693
7377
5109
6470
5354
5867
4039
3330
2766
3706
282
9854
9539
4527
9313
8108
6486
5576
7011
3715
2596
9107
66
8033
1164
4749
4766
9744
716
2835
518
1827
5002
1277
3419
8944
7231
5750
5266
8683
1616
5447
4760
4566
3395
3994
2571
5021
59
92
2152
9217
1776
2376
8932
2678
3029
8548
9669
6804
8931
2635
9339
4541
111
8608
2654
930
162
928
9285
842
4452
4894
5702
6470
5125
9438
9675
9540
8685
4678
8810
2513
9848
3012
7002
9335
465
4895
8988
2111
634
2390
2933
6928
3516
223
3194
3286
950
2646
2418
401
9154
3059
7028
6809
1412
8576
2652
9419
456
9483
6957
2150
558
5452
9366
1197
3407
2920
8855
8964
1829
6258
3003
2157
9443
9102
3570
7828
198
767
7929
5649
8850
7280
5753
5771
8704
4856
6189
8847
2487
8217
7771
1941
6458
8990
9893
3863
2742
147
6527
6859
2585
5118
3847
6020
7280
8717
3463
8584
8687
8844
2988
3517
2936
9078
2066
8704
7399
1688
1451
7744
7740
8043
8986
4668
3895
4290
8591
4522
8289
8973
1115
240
3116
5319
5088
3214
7040
8280
4556
6862
8969
1899
3920
6772
4738
2310
7531
6373
9657
7311
2558
3433
1995
9566
575
7360
6004
8289
3456
5737
8305
5973
6071
1600
6998
9215
1817
7177
6913
1860
6905
2709
5090
5566
8894
5206
7087
4943
933
1499
3929
7371
1849
2321
6730
4362
6406
5522
594
8224
1903
5399
6060
9562
7912
2606
759
1495
3554
541
3560
4892
618
8141
8067
4392
4303
6436
5401
1493
5301
7673
6520
3996
6496
4848
3112
3308
6897
7569
7638
3129
7704
6422
6116
8638
8879
7585
2732
9722
7504
9608
6166
915
8145
3890
6860
880
9648
2704
1008
5808
1972
443
8606
422
1376
3167
6105
9094
89
3646
1367
2551
8554
4535
5884
245
6092
8330
168
7025
9809
3187
2146
7008
4025
6497
4021
3159
1925
6825
2520
1640
336
886
4758
289
8815
5956
8934
2330
4101
188
7419
5301
7975
8904
357
4966
1091
6299
3910
6240
2464
209
4017
3324
3534
7167
999
3286
1095
7370
3590
5059
5763
55
3849
2158
3822
4249
7326
883
4508
1244
4535
5897
9950
6552
8398
3562
7491
726
666
6633
9214
5290
8598
3033
6394
4580
1886
6554
5469
1497
1290
9721
5759
4422
4681
340
3211
9065
1804
2970
7428
7547
4275
6505
5959
3390
7384
472
6612
967
3050
7540
7479
3175
5444
4513
9743
8109
9656
1037
3327
9158
936
9711
6416
4044
9712
8125
2290
6719
1426
6362
6348
8692
9783
5818
8882
464
4055
3532
8045
8256
6842
6754
3667
8912
953
5075
9891
8995
2322
8675
2490
6196
3184
8451
4128
6515
7909
4669
6704
7969
495
5004
4654
6806
6015
9163
6100
6195
5873
4844
6002
4981
3009
2215
8435
7617
6682
3534
4904
3217
1360
7151
1477
3842
2423
7972
4803
5634
7653
5765
4244
8944
2231
4854
6434
3816
1466
9110
978
6975
2062
1396
5353
7214
9739
4997
6886
7644
8100
7702
2601
7093
44
7687
3522
624
8490
8426
5177
8822
823
5492
9404
7383
380
864
3714
7864
5993
2829
4478
1450
9516
5452
8801
5287
9865
9312
7955
1536
3956
2249
7850
1097
9402
1680
2094
3911
1805
8795
8633
1232
7864
1112
6477
7032
8616
7831
3335
3909
9544
5833
9694
863
8986
9992
8304
3746
1178
4386
9030
256
4429
2856
3777
9730
3199
5907
8285
2287
6298
1083
5701
5720
1107
9852
1157
2980
2283
807
5653
8005
2710
3188
5963
3114
2023
1301
1699
6409
4416
5055
1576
8368
9401
5891
2543
4832
4780
7460
7533
4665
1948
3039
1657
6457
5424
4517
9820
5548
5518
763
6969
1676
1463
9935
4971
4913
3911
3334
2707
4497
2765
296
5910
9960
1338
3202
9182
9847
6868
2787
9400
6941
8071
939
591
9296
8476
9070
6503
7450
5199
5557
32
7608
5738
231
3184
7870
8718
7370
1233
3225
9363
7719
8187
2696
8582
3893
6126
39
5603
7278
8587
428
6932
9107
1791
6669
1651
436
853
3411
8039
1201
32
3006
5672
100
5566
5020
3555
9194
7668
41
2874
9415
2431
517
3344
8403
8055
8810
2226
9316
6385
2552
3791
2026
6179
5723
1812
473
9148
6665
6650
2764
3012
5904
1823
8154
1520
4356
4647
2701
3802
1371
1090
8620
7002
3410
7459
6102
7960
9326
2520
9383
4851
742
9213
2995
6497
3528
2231
6808
4879
1502
5110
7777
5052
2361
602
3520
8817
6199
1306
1778
3649
6549
7234
3041
9292
7116
2320
9760
4776
9186
7168
5196
4001
2925
198
9748
6373
5250
6994
1729
7175
3177
9070
7597
6721
6951
1801
9697
1447
1245
2007
8925
2235
263
788
1247
8917
7566
1048
8232
6202
3478
3304
4830
7447
8057
5292
3218
4190
454
1711
6103
2415
165
1382
8992
5807
1033
4805
3789
3663
1036
2162
9533
877
8926
2549
3217
2829
2833
6415
2099
9755
8772
3003
1040
7847
1634
795
2335
9078
7359
5138
3906
9984
8181
987
5570
9808
9218
7126
3956
6714
1909
9598
8016
4291
3269
4794
8475
8720
8170
8740
8634
5199
9008
9075
763
5955
3902
2843
7140
8006
8244
7130
3919
4718
5552
6495
898
4286
3049
8499
3797
4784
1048
2303
6556
6970
4049
825
7537
1372
6345
2022
7785
5764
9489
2923
123
1141
2752
7274
4873
4928
9075
7535
8924
9270
9034
8101
7770
9214
2585
1682
8770
1025
7505
494
6672
2056
3790
7361
7737
5004
9313
8639
9900
3805
1475
5801
7950
9494
1674
3019
3756
1688
8143
2843
1930
7047
4397
6947
9811
6966
4207
609
1850
7057
8410
7311
2587
7946
5583
5472
994
9624
7294
2896
3332
6508
7047
6169
2949
5469
2627
9740
9514
6788
8903
750
8054
2353
1695
8357
1148
150
7414
424
6952
3004
1825
8712
2097
2255
5498
1979
2680
1419
9549
6844
5323
2745
9720
9545
9853
9671
6528
3957
5581
3778
6108
7151
5446
5767
1351
5056
3971
2865
114
3466
4458
849
5985
4204
7389
6402
5781
8367
4986
8072
925
1185
2662
1747
8044
3561
5683
1297
9891
8161
6220
5319
1774
620
5354
7041
3044
679
5600
1292
7292
835
6041
7818
6049
4143
9678
766
2884
5039
7212
9565
6182
9296
7339
8438
8171
9633
149
3532
5961
3064
3011
1677
5258
6367
5227
1606
4538
5261
3411
850
9352
3251
9664
5629
2866
2335
4012
9575
3980
815
1487
7285
9439
7646
426
3711
3785
3598
6510
155
3442
64
3500
7541
9949
1279
1057
6210
2230
1008
2915
2825
4060
3817
6602
5218
3964
9979
8596
1331
1638
8210
9482
857
6086
249
3729
6606
9748
6142
6537
6121
7939
7186
3889
7176
366
1158
4846
3357
7117
1222
8835
3946
5588
8749
4656
3569
1949
8258
5905
8025
4368
8477
373
7919
9772
5380
2142
6253
4137
9597
6111
5172
8735
5319
4070
751
4595
2197
6987
178
5536
2912
5495
8907
3540
8306
7976
1153
4322
1623
6945
3212
7609
5225
753
3558
8949
5452
3338
3097
8571
391
6510
9735
873
7926
4554
3619
6667
6037
5938
8948
5696
3963
4203
613
2900
3217
9005
4829
9465
8113
4905
5473
6379
1323
2945
5514
7730
6721
3848
356
7331
9667
5453
7627
1157
1684
1594
7729
8337
7361
5406
9606
8948
2447
5668
928
5164
5173
9999
7860
4411
4258
7588
6901
9489
2833
6796
4462
8936
8883
405
2876
4597
6812
1461
2730
1725
8159
6428
3238
9917
3923
6016
5516
2904
2948
6676
1609
6953
9072
8245
8070
9217
1583
9705
1636
8339
8803
2589
1370
6792
7553
2495
1335
7718
8396
3408
1018
685
7093
4834
4350
9102
8389
9376
3438
6508
8435
8224
9822
1620
1956
7004
2087
9775
8190
9909
3731
9266
8375
1143
4260
6280
7285
9502
3515
7525
8250
492
9676
3858
3092
4320
7716
4141
2302
155
7349
2572
5116
2546
8513
367
2012
3045
734
3843
7186
1390
8473
9538
9922
1532
7541
9434
3791
8200
8954
9912
7395
4744
8402
5403
5951
9313
6522
7520
752
7236
5074
9729
8104
6217
6433
1526
4272
322
1710
7716
1335
18
7386
734
3609
9376
2204
5260
6529
3253
9293
8484
1857
711
4116
9959
5123
269
2587
5586
427
7492
9692
6746
846
3946
4138
9815
687
2462
3412
6991
8467
2523
477
8852
3746
6267
5045
4728
5076
4167
9359
7720
2234
9077
1128
6488
6480
1790
3046
5
5900
8666
197
7317
8337
8150
2821
9661
3291
3618
5452
5781
3299
3769
9651
4113
4758
4167
9942
7850
3905
8963
2907
3931
2453
4594
8344
2367
5022
2604
3389
2747
2515
3241
7913
8118
4008
343
8598
5426
1015
3454
5205
5231
4439
1173
4495
3033
3815
9018
1859
9130
3779
6692
6250
70
4509
5344
3901
2853
1164
4620
7479
1874
1643
8270
6952
7771
4373
63
3648
3657
8214
553
8152
3773
6436
7674
2809
1850
715
8720
3225
8931
4422
2845
672
906
6776
4838
8898
2501
4196
1310
8801
2598
8263
6794
8209
8124
9520
1918
6727
3154
6302
5037
3998
5420
4062
504
1264
3909
7776
8983
677
5568
8078
302
1328
2940
4633
9134
2009
5378
1119
1728
7745
5641
5017
7953
1249
8232
9809
5413
8736
5611
6224
5382
6920
3609
1553
4399
7360
9386
8652
2478
2423
8430
5826
5666
6313
9886
1136
2938
5309
682
1694
4805
6021
7030
3304
5656
1437
7387
8066
8448
2820
4413
9353
5580
6498
1582
4358
8540
6509
8306
4223
791
2822
4626
1568
6360
1292
9761
3922
8249
2754
6158
1904
5455
6089
1613
3678
1851
7707
4908
8956
5454
5755
7829
1193
7118
1759
6647
7351
4413
8133
9960
1499
1936
8054
7507
5196
3721
7879
4408
2789
2526
7179
2609
2543
9936
1897
3950
6088
2135
2498
9589
1169
4860
205
6934
8749
2635
5802
152
3594
7958
6533
5816
2253
5046
2088
4878
6676
1107
3751
6144
1878
5746
7832
6871
4812
6143
910
7314
1438
7152
5549
596
2430
2071
181
4555
1168
3533
2363
4783
5782
4037
9305
4724
3569
7010
71
8598
852
9668
1717
1534
3821
2957
245
7444
6352
3042
9127
6498
9704
3904
1134
4355
5213
5164
626
6073
1286
7774
2530
2377
2097
4691
5428
9102
379
3781
9109
5608
4315
4371
7793
3812
6456
4316
1894
5095
6167
8979
9712
4943
5688
2187
5947
9759
8217
7025
927
4453
1282
7569
285
6337
9817
9482
5266
3571
3409
9251
4809
3957
9210
5186
2676
8121
6361
914
8127
9388
6
1773
4564
9121
8415
7840
1134
8264
1486
6100
4475
4662
8573
7830
5341
5148
2997
1827
3540
1966
3124
1951
3938
9590
3167
3056
3426
7755
808
1393
3590
9720
3763
3898
2952
3164
2086
9851
3151
290
3285
8936
1943
5505
7198
7128
4269
8839
5841
183
6349
7390
315
7962
8592
6367
5023
3628
1811
4664
7222
6798
3517
9097
5151
930
2551
4126
1171
9693
7926
6805
9968
5449
8583
3545
5241
8243
4398
6804
2153
5192
7175
657
8878
5943
9295
6367
7693
4823
6472
2228
7866
2726
5041
8702
6541
6199
2147
7156
9441
6517
7716
5684
323
4303
813
4796
3143
672
4682
1144
7532
9531
6766
4256
7155
6932
1286
2085
2610
9651
6403
6020
7473
8139
4403
736
8562
2209
8245
7779
9218
7418
3636
7515
1300
8599
1580
981
4446
4965
5958
3711
9135
2326
6120
4746
6970
8946
5661
614
8453
3487
1555
7289
1029
308
2628
1011
1537
5972
1784
7172
9234
8138
8337
6930
8587
5070
7235
3088
3944
6788
8810
9523
1642
1595
9557
3189
4618
7655
3053
4961
5671
2896
5753
9477
6583
8505
7894
1705
8024
8669
7786
1982
6006
5259
3428
1495
8792
7649
2547
8732
6814
4052
4940
6109
6206
5335
7941
6760
4721
7138
6353
3546
2314
7071
3237
9950
9136
7877
9887
8222
7882
7069
9224
242
9060
8476
5940
5876
4778
4672
9966
546
9569
9294
4279
2014
4720
7731
4831
7051
3702
34
4496
3666
3554
3984
9749
1914
7226
2450
7270
1267
7741
5359
6458
3674
5954
268
488
6386
7175
6262
6096
7960
5702
6295
2529
3888
6163
6464
9304
9286
1446
8596
9650
6505
6765
9831
6001
8629
5188
2741
5737
2099
4625
6325
2098
4066
9259
5066
2866
9626
9521
338
7736
1418
9154
7232
8484
7463
902
3361
37
5063
1483
2188
4459
9553
462
8291
8026
46
3880
3240
3528
815
6419
4271
2515
4052
3949
3887
4613
1402
6700
3768
6763
6470
9383
6636
9092
4861
1878
4281
877
1380
1968
9330
9048
147
9012
1173
9392
4478
357
3365
6636
7258
1008
2776
1544
1839
7727
8015
1193
5816
6681
4148
5396
1203
310
4279
2509
6125
5273
8695
3077
6335
4486
2712
8436
3531
9884
1732
4956
5563
6012
5850
3971
6
3861
6307
8699
9723
8833
1218
2519
8133
3554
8551
9607
5066
2272
5316
3706
5651
9462
2792
1409
5560
2888
3639
4159
7248
3982
4352
5187
4197
7529
5669
6143
405
6405
3448
4739
6971
296
1216
2693
2844
56
8052
2838
1704
2915
8151
1575
1089
3526
9352
2654
482
1314
9346
1187
648
1472
6315
6849
2535
2164
7715
9029
3132
6765
4606
9210
2604
1671
9770
1844
7985
9419
9428
680
6145
3536
9722
7925
6521
6367
7496
8426
8471
7700
6459
2601
4268
4873
870
5674
1003
4249
5043
564
2076
5226
8792
3874
8982
7729
7435
9104
8276
2436
9436
6122
3189
5026
5707
1180
8696
2109
1013
6360
3020
3251
6665
2226
8969
9810
5179
822
502
6031
1315
9929
3955
9682
1086
5723
5621
3085
4144
2818
6438
3146
5091
4731
1868
3565
4851
8031
9399
3776
8207
3085
9250
1339
4584
623
9605
2028
4371
5210
4293
5166
3664
4896
6864
7881
8459
3412
5241
7853
8780
5277
2126
8747
4881
1524
5725
1828
646
5905
5127
679
5069
7482
9776
3676
1003
4358
9541
5865
4008
4130
579
969
7787
4332
7057
675
1002
4639
3954
721
8204
7138
7679
5090
3773
5869
5876
6467
692
8250
382
4356
451
3402
9654
9724
7226
7318
7557
7082
3059
6384
1923
9400
919
7560
6486
5621
7628
845
5165
5744
3225
5515
1143
5725
4593
2907
754
6167
5262
4779
128
3525
3500
503
8561
4518
5663
1385
7424
3857
9575
3131
3813
5244
1177
6762
8535
9532
444
3386
1889
976
2079
1536
7486
6850
2648
9734
6852
3656
4826
883
3965
7228
2781
9181
2113
7500
9583
367
5674
5801
4472
7535
7294
5427
1322
9942
6907
8576
7685
8909
8499
7769
8886
6973
2755
4975
8487
3195
3147
2124
1235
4024
2677
4882
4132
2317
7513
204
3215
7292
7558
6084
290
7909
8396
1414
9965
6833
3051
7839
6898
5963
8796
9065
3947
776
5484
109
9594
8900
9135
474
8932
7054
3776
7876
8331
3139
6473
7881
2161
8690
9884
2975
6390
4341
1760
8292
5093
2867
8715
5991
9446
7218
6136
3183
1066
3088
6528
3848
5427
6462
1601
7619
4996
8380
3986
2838
8356
2714
7878
2377
1816
916
4367
2850
4903
2127
1374
4927
1688
5959
806
1035
2947
9378
929
776
9771
9610
8342
4147
1756
521
6096
5074
5992
3339
2402
6536
5879
5892
728
5420
5279
6830
8019
7039
2261
9959
5614
4024
1842
56
9770
5162
4342
7934
6998
5290
4353
4753
164
8534
6281
6566
9047
715
5668
6801
2903
3347
342
1121
2619
5297
8046
757
2705
5723
95
7368
5301
3972
8722
8438
6050
8587
7030
6982
8261
6500
2137
5451
8851
6189
2440
2506
6665
3970
766
2596
8599
4918
4321
2315
5786
8109
8229
6780
7223
6272
7924
1750
916
2898
623
7334
3707
7493
6772
761
19
4318
3313
4215
4897
7173
8021
634
2947
1957
3722
5884
320
6956
9143
1228
8178
6791
8695
1158
2820
1358
1044
7443
586
1236
3296
8651
3329
1553
5723
274
5305
3070
6135
6450
8638
9212
8448
5242
8982
4856
5101
3916
8480
7806
7447
7285
7677
9856
951
2830
361
5043
4084
4275
5419
4313
1320
4859
5260
1101
6245
9884
8497
7908
546
4681
54
473
6334
1006
3262
776
7656
8769
9847
7346
2358
9323
3321
6676
3569
8934
4403
8646
2402
8878
4556
5159
353
514
550
2703
8894
3203
4154
379
217
4429
3610
4182
9056
335
2115
8901
1020
3353
1823
675
1955
3767
424
9710
7127
6899
1489
9746
5838
3186
3805
6386
6623
2674
1771
8767
3444
8856
8089
1973
3622
6068
8152
73
7623
7706
7614
6340
80
1611
6931
6561
7413
8941
3196
4453
6781
5946
1067
724
4746
7812
6938
503
2148
1379
7226
7766
2168
865
1879
6474
8785
7398
1787
394
8846
9057
8819
2918
165
6376
3752
924
5611
1175
4126
4979
6326
323
7455
4921
593
6783
8731
5928
9168
9944
4318
8830
1499
5188
176
6912
9127
4255
4105
2859
5762
6976
15
5894
7516
4826
2955
7644
4872
1164
1423
5143
4637
6115
756
826
234
7627
8237
2592
8077
9238
5979
2431
8263
7437
374
264
7792
2122
9072
2065
4384
6707
5695
1338
5361
6992
1130
5470
1904
7361
309
8063
2452
8737
5712
6110
4369
7900
8205
3660
8782
8643
7170
9393
8687
7828
3854
6136
1895
4702
2116
2988
2251
9368
8413
1237
8186
2204
7990
4918
190
5629
3998
1458
8697
4977
8582
9584
5582
1640
3988
2562
1092
1450
3176
6175
178
2469
5553
1419
7677
3775
7644
8057
6382
3423
1727
8549
1771
8310
3971
8370
100
9642
8030
2665
9838
280
4056
8429
6970
6527
2463
2456
9586
4280
4152
3667
2635
620
3055
4302
57
5942
7804
2094
6919
1581
1788
1544
7470
4023
5399
2874
1441
2052
7594
6832
9771
640
5903
9093
7933
5160
7153
1314
6387
8146
3814
7216
8799
1315
6657
5687
5475
4978
3458
9093
2625
1927
6362
5460
1489
2613
4298
7727
4947
108
8704
6792
4752
8820
693
3782
4959
161
7495
4400
5754
730
9282
1307
7285
7245
3192
6143
1844
6878
6729
120
1142
6683
3477
9843
2083
8524
9017
9227
8903
8286
1534
5324
3145
2848
3774
2928
7696
1981
6203
9974
8948
9348
4664
7933
1292
4499
4595
9531
3581
9278
9183
6257
1928
227
8258
2507
2075
5973
2949
7828
5174
9066
391
1837
253
1287
2168
9344
5457
9412
2404
9636
1634
3336
5768
930
9655
9570
859
2292
817
6565
9534
9363
7695
4069
4347
2915
6705
5064
1238
2192
798
6118
4762
3552
6213
1602
1150
9607
3430
4044
2250
8198
3495
378
4208
5866
9573
3341
2068
4998
6749
8602
9788
6033
2588
7551
4476
6239
7260
3367
3962
841
6818
8911
3078
2850
4394
277
6172
3763
2129
3075
728
8827
4335
785
2570
6265
5176
400
2734
184
1540
6152
1310
6545
6671
4713
2171
5292
8481
4361
1142
372
5687
5483
9286
853
8918
9347
5645
6147
3158
5489
4592
6269
1016
2204
9755
9404
9728
801
7428
5906
2319
7331
601
9583
8462
7350
4692
1478
4449
3653
8421
1154
1550
7211
7712
7030
6659
1845
3246
314
3217
4487
5231
8905
9867
3514
774
9143
1231
2359
2902
1923
3091
8492
6637
4462
5609
277
8619
1965
7347
6175
3203
4144
4273
3861
8246
6164
9387
2793
8612
9843
2387
7325
4920
3164
6102
8714
4928
2139
3396
7904
639
9202
2726
953
7582
4220
5509
6142
2747
2967
8869
8073
4137
1280
1773
6663
2960
688
239
3528
7683
9037
7399
4997
7207
472
2827
2705
4862
5390
8806
1590
1414
5397
9350
673
4131
636
5415
9826
4754
2094
4593
7619
9821
3647
662
7222
9537
4824
8052
4531
8595
1646
1438
2653
6903
7640
3396
9032
2228
2111
9067
9010
9810
2382
4493
1543
7629
8401
9947
8237
1875
1267
754
5142
5800
7983
6211
5711
6494
6397
5818
696
639
6824
5415
2628
6264
8946
695
5915
3516
9961
2108
662
8856
613
3117
3577
1559
7732
5988
9973
5862
1539
3043
8808
9211
3875
6039
13
7468
5224
6908
403
8260
4044
8268
6843
5529
1087
4203
9713
6783
9899
9937
852
2258
2700
9985
4061
7483
3409
7010
8600
5987
2085
5852
833
4593
8709
7287
8585
8981
6139
9120
6208
8370
322
9424
5071
202
9514
8158
1105
7212
7208
1127
4535
477
9645
8464
7470
3561
4464
1968
99
824
8903
6814
9001
1736
4704
868
3606
3627
1062
3984
3668
2408
4571
1793
3281
4706
6591
6460
2499
4625
650
945
1610
3673
5941
8457
9941
8745
9582
7489
7364
1008
4134
6090
6604
2816
7166
8634
6142
7521
4729
7239
6233
927
9176
975
4240
878
1464
3179
6251
8074
1495
365
5820
2917
1107
9907
7570
8366
4391
8159
8640
6557
7990
6955
5078
2690
1071
761
4566
7721
114
4301
8516
3103
3713
9721
4292
3893
1562
9498
6797
697
6122
7757
4460
53
2530
3340
8087
4325
5152
2570
8551
8230
2388
7664
5248
4822
5571
7507
2211
7859
5990
4698
6038
2193
107
3388
3875
6401
5589
4913
6827
4775
3943
2847
2322
6873
5728
8754
3078
908
579
4124
2727
3925
4942
1007
777
1352
8316
6010
8369
5666
8415
6381
5926
4143
9979
109
9373
5982
2585
1491
452
1348
3884
6746
8682
1240
4521
8935
5627
7330
7918
9876
5878
5296
8751
6497
5471
8156
353
594
8214
1979
7155
8044
3390
3169
5856
8456
9247
13
7654
5018
9177
9029
401
6038
601
3840
3253
5630
9121
7137
8670
8453
3508
1063
2381
8356
1080
2772
6884
9863
7957
6274
2343
8202
6426
126
5348
9953
6233
4493
6594
3358
8381
1351
740
3501
7379
1162
5898
3961
2476
2216
9055
6430
6832
8097
8505
3134
3988
8661
6897
2506
5784
1063
5059
4404
1610
3620
747
5484
8038
9557
5029
6202
3636
5825
2956
1598
4927
9652
1459
3499
1853
9673
5462
8035
6289
8800
2409
99
3021
5822
708
1092
5526
2999
3341
4375
7406
3908
5170
5341
5107
7772
6802
991
7506
5134
9164
5448
6819
6992
5663
6231
7351
3323
5443
2534
7743
9635
7800
498
7584
4076
2428
7773
7565
7595
8845
1365
7169
4682
7229
8164
513
3294
7715
7717
9952
2450
7867
2772
213
9853
6432
5599
3704
6086
1483
7545
3556
4792
3899
5501
1540
4266
9574
902
4732
525
9080
927
7672
7940
904
6341
8884
9732
7302
4221
1025
6412
9738
5530
6798
9769
4627
3813
5233
2246
8479
2579
674
4840
4704
7208
5973
2103
3978
5546
1643
1185
5945
3501
3859
5529
8181
8429
4694
7147
9511
5999
5402
9055
9079
6947
4282
2250
6094
3625
9496
6161
3265
287
8548
5185
1421
5402
5612
1557
5833
9748
8254
4371
7076
992
7717
7611
5831
2907
5661
6300
1234
8539
4729
2566
353
9105
9542
9722
1988
3413
5592
1246
1678
2088
7071
2909
8244
1266
2241
3416
7542
1425
5694
4055
227
1882
6153
6579
1504
1678
2599
512
8149
2200
7943
9346
7299
6266
5008
16
2689
4261
891
5004
1474
4506
3255
1434
9610
7786
9521
4859
4487
5121
623
3002
5126
8920
5994
954
8538
7082
6864
8247
5636
3890
4046
138
2236
9129
4249
4206
5751
6066
6824
7934
7526
8257
2989
7421
2619
3951
5988
7267
5367
853
4633
4757
6513
6431
7889
1385
6178
6495
724
3235
9904
1838
4382
2849
1879
3000
9778
195
2346
1332
6893
5783
3831
8233
7791
8795
9084
4610
8506
9445
1737
4093
393
2371
3780
6160
1635
4759
5014
6815
6760
2146
151
1450
7989
4538
2075
9503
9724
5857
6241
4337
4257
5639
4548
5889
8283
4405
1223
2117
1715
5617
3440
7744
8501
6252
2720
2195
9030
4663
9380
6472
1510
3640
5419
7576
6199
9774
1157
3503
4071
1857
9646
4204
448
1411
4968
1096
3408
272
3560
7050
6965
9117
5303
8698
5957
8917
9002
5865
9046
4434
3497
1603
8853
7259
9709
5423
5387
7835
2187
6046
4788
3949
8917
4649
7082
5886
2363
1611
1122
5004
2514
690
3485
4334
3975
5780
4677
2057
2850
6088
3128
2974
995
3257
1943
1106
8929
1420
5837
5190
191
8161
2610
4509
9730
9279
168
5241
8379
5529
9732
5710
3294
3667
7957
5940
5036
5844
4209
8237
1971
2971
8041
8011
4239
3068
365
8012
5654
2028
4324
5555
4203
5713
530
3144
4633
4582
2243
2203
4605
2853
6376
5211
3151
3588
4075
2253
6030
7623
6999
6727
4361
3366
601
9960
9449
5923
7511
8272
1012
2257
8911
41
7905
6859
4036
1493
5451
3631
3760
4489
7087
1531
5971
6985
9904
2213
8434
5296
2943
1865
6837
5052
7894
585
9707
4351
7673
5984
4711
944
9311
7064
2363
742
9372
384
4703
3184
1537
667
8519
6561
5472
4995
6928
3963
5909
8157
8980
5440
9652
1167
4378
9977
9394
8017
6815
8875
1560
4776
6727
1308
6159
6298
8550
1898
4119
4347
7861
6689
1732
9400
5180
2574
4332
8528
157
2508
9552
5186
628
8006
9892
9437
5181
6434
8500
3644
6008
8735
1210
8930
4579
4756
3357
5183
6748
8438
8298
1983
7425
7764
8310
2903
2741
9528
870
4249
7120
1307
6350
5129
3246
1923
7064
7975
1284
9892
6803
7090
5584
3538
2880
173
5573
6705
744
9842
916
1036
4876
2067
286
3441
7270
2715
1349
5931
2077
647
4816
4915
4462
4466
9876
1175
304
2676
6513
1959
6437
6174
2554
9169
8690
3175
4441
7417
3691
8514
962
5502
6396
477
6905
347
4399
6250
1788
6456
3745
5809
3832
4804
3984
2505
6602
2588
3176
96
2662
6309
1462
3485
4026
5490
8025
1992
2371
2717
7216
2739
8719
1637
8732
1942
8801
4444
7271
3628
3148
3188
9404
3745
2871
2365
1521
4529
3827
2660
5941
972
8363
4382
9116
6093
5836
2112
2954
1871
2677
6581
3317
2295
7631
8644
2988
3498
7208
8778
84
1089
1343
585
7459
1543
7971
6280
6917
7544
9874
4666
3493
2742
3131
8357
7184
3604
7062
6312
1462
9267
2930
3045
3632
7623
6067
6075
6910
4368
5630
8382
8115
2370
7524
6868
4914
673
4463
6993
3053
2075
9661
4451
8917
3602
1680
4083
2402
2816
3467
989
4843
8337
2897
7970
246
7505
4842
9383
8053
6243
6196
5199
2843
5611
6270
7247
1605
7272
9163
5874
5672
3015
5811
952
351
8448
9202
3142
6824
13
995
9408
3312
4357
2791
3070
7833
904
5522
3339
617
2201
5561
4345
620
404
4335
4779
3212
3952
3217
8077
299
6548
8720
3313
1432
1143
7396
1682
9236
8112
3131
2548
7597
1649
5177
430
930
6194
913
591
7273
8380
5798
4502
9598
2160
1571
9923
8290
4426
7473
4917
4561
4566
8860
1481
4778
4229
5542
9807
2429
1025
7344
5304
5380
6086
6811
2124
1701
7300
6633
3230
6830
797
9627
1473
4282
9728
6342
6585
3369
5758
2977
7593
8241
4948
2655
7899
499
7003
3818
7485
521
337
2276
4290
2377
2619
5086
9911
4935
9476
8945
6000
1002
2045
4307
2326
2860
4787
7794
6684
9905
8478
2185
9571
6562
3277
4514
7631
1412
4637
2950
7087
4151
8902
7747
296
8322
5997
1448
3804
6329
5868
7104
2714
7315
1919
6014
910
329
1976
2510
6227
7788
1819
7250
8744
1639
9819
1314
2970
2697
9952
3854
9456
134
6638
5432
2702
2930
63
1902
7677
5915
7114
217
551
8391
5671
7290
6231
1638
7336
4303
6925
2910
1320
2657
9777
509
3484
4142
756
4638
8479
6111
4065
2143
7635
4926
9122
8643
5984
1396
2131
9362
6344
4729
6230
5536
1131
3595
5124
804
2367
49
8181
5192
4429
1927
4242
2689
3038
983
4567
5798
3176
428
3120
1617
5753
6615
5798
6624
3658
8784
5456
9585
1612
3802
1020
6211
1401
7041
9886
3857
7200
4609
7572
8434
7986
2249
2165
9595
8975
344
8763
5025
4948
7933
6042
5406
1176
6975
7506
5757
3454
1570
1726
9981
4914
8943
4333
1450
397
1688
3326
9153
5853
4589
9412
8715
8061
6721
9441
7073
271
3684
2463
397
5241
9925
8957
341
4207
4619
2045
5768
2751
939
691
9841
7255
717
1590
17
3905
3179
2649
6060
6678
1344
4597
4799
2184
3057
5760
6036
1417
8359
6681
280
4409
431
8
1852
8425
4518
2859
5750
8668
6362
888
9391
5455
595
3070
8954
8235
1621
2517
5280
3966
8688
4761
9563
1330
7584
586
3967
2149
1763
1328
7934
6744
2019
1558
2015
4528
7184
6012
9675
2499
1201
3557
7897
908
399
7163
6459
3993
2609
9014
3245
5849
5160
3858
538
182
6246
5647
9586
2054
2395
6281
5645
168
1065
1423
3438
6083
516
1307
822
4585
448
8766
1314
8821
8935
7312
9875
4029
5343
8787
9869
856
7353
3620
2880
658
9982
370
4356
9182
1725
1016
972
3668
1421
4027
1350
4157
5085
3577
6136
731
4592
3366
4827
3687
631
9112
7142
7505
3952
6791
2892
2858
7223
9643
1770
8571
4827
3721
2444
3010
9417
3547
887
7266
2070
9908
8089
5424
9195
5123
7495
5199
6090
4027
9355
4193
3200
5639
8264
3325
4688
6662
5898
5508
1140
8582
7278
191
7090
2376
3232
6461
7842
3720
8963
1768
8725
3501
6730
601
9572
1040
5955
6982
7792
3811
0
3677
3242
5218
1453
3263
7802
9650
87
5574
2629
579
6317
1241
10000
2911
3291
9614
3117
7728
2171
3202
9054
2757
2828
9104
1676
1085
3816
967
2103
3491
1254
5300
5838
7627
9668
6774
7892
7712
4106
5401
1033
3540
5560
4331
8952
5183
8286
3667
8022
5851
1935
2836
299
5570
6958
101
2448
4444
9210
2430
349
2143
8587
8881
1102
3229
5247
7238
4554
1216
7679
3141
6355
9309
4388
7455
4737
4864
7734
3547
8380
6455
7133
237
820
7511
4021
2651
8952
1731
6330
3726
3646
7882
2721
7595
125
4412
336
7364
2621
6009
9713
128
2684
3359
2609
8345
2959
7766
3535
4306
6874
6611
6293
3351
3684
1731
6062
5712
7826
7807
6547
6785
784
92
7813
7813
575
5633
8491
8102
6339
9929
8569
1184
4925
83
9793
9319
5760
7292
449
2975
7033
2989
7740
7938
158
6397
5107
1587
1110
2903
8191
9710
9260
4304
9734
7812
2493
2899
2721
2525
7251
1233
8316
6256
7341
859
7019
9951
6789
5195
9723
2090
2498
9201
1704
5634
7330
9272
1792
9895
8906
678
7786
4985
8542
1257
6640
7720
8575
5449
1172
1321
2272
4597
3328
5298
5234
4679
5271
7145
2077
557
1554
8968
5943
8077
2658
4973
8746
7135
2861
2001
2727
6398
6542
8091
8747
6158
3173
1235
910
7225
2209
8431
7124
8203
3777
1656
7885
3298
1359
4535
832
2130
2156
2474
3760
5636
9720
332
2617
3608
3930
4706
3827
4939
326
9717
8401
6618
6147
7647
5095
9651
1974
9347
3786
9604
5010
9828
9956
5524
9843
1571
7191
8399
2332
6293
5867
5107
4856
4871
6998
8377
1048
6956
7556
809
241
1586
5048
1287
8543
1118
6296
8786
5211
1365
8941
7854
1993
9444
8558
1456
575
223
8409
6636
7372
2171
9110
9750
5041
4998
6488
1941
4691
6793
9850
3430
3365
278
8943
4852
2013
350
7479
1540
5863
3184
3267
2266
4711
9465
1324
848
5211
3882
9781
349
3800
5593
3377
2700
2542
1373
5727
2523
1823
5937
1560
5135
4650
5424
3932
521
8475
2537
5356
1398
3009
5943
7572
4612
9746
2989
9092
2073
3403
4269
6179
5609
6855
5802
1158
9022
4424
9328
8513
8226
1420
7124
7486
7312
2001
6866
521
8386
7864
6138
3533
27
8126
9332
2143
6985
7629
1755
3426
698
3270
5399
164
2714
9595
8935
5565
5134
3867
9564
56
3901
8358
6446
5295
8729
9110
3783
3236
6617
9346
9975
6735
6130
9048
3058
6574
9948
4240
913
6022
486
9645
2862
3807
9602
9035
4576
8049
8337
6821
4211
1873
1184
1170
4176
3582
3653
7522
2862
8833
6465
2034
1027
9843
1586
4081
1910
2861
7069
5933
8181
2861
2941
5362
7344
4615
9686
1033
2765
4932
1255
1360
2176
6849
5247
3130
6634
1894
6981
1661
7942
593
9278
6177
7552
2275
3571
5290
7933
7500
9745
2956
6338
6547
4990
6737
4177
8273
4210
5406
9307
2161
7406
7743
4140
9912
243
9986
9309
2171
3198
8236
4273
8539
205
994
2514
8210
8280
9833
7536
1172
7347
4168
6408
9465
2824
8227
963
7815
5699
7299
4138
8071
9452
8792
2444
3969
8693
919
1826
3304
5772
3482
8944
3257
5828
7650
3414
3869
4368
8571
4961
9985
2682
4700
9896
6280
4551
7712
1877
7647
695
376
1312
377
5343
8495
2941
37
8659
9843
5860
1217
5227
30
9217
1537
7329
7461
5180
9858
2937
2616
8714
6292
5363
6400
8163
3833
3107
6277
1621
7223
6120
6962
246
7908
3964
2817
9817
5409
578
4665
854
6836
1043
6037
5972
6946
8067
7637
5331
7398
2316
8569
3928
4065
7003
7463
4432
9656
6631
7321
7218
4098
754
5827
6971
3150
5632
4559
3263
4661
4144
8836
2049
2812
2170
2026
7029
733
1297
3579
5191
6251
6069
7993
5310
617
4631
952
1368
6014
2644
7034
8364
4863
1304
5884
1848
6428
9649
3824
733
6401
594
4966
9055
5947
5226
6007
7834
744
8277
3781
1640
1734
7951
1387
3922
51
7565
6107
9941
8651
8283
7632
9528
7110
4490
5828
2459
5245
3684
2750
846
600
334
2267
2403
82
645
399
1610
2277
9096
7219
3162
4042
4923
5151
8349
3699
5468
3158
9033
2193
2388
8275
108
9502
5727
7537
9005
5504
2294
9328
3740
3107
3187
6013
180
8409
5951
7565
7662
1988
7319
1903
5403
1998
640
9283
2738
8806
6163
1898
2182
3571
8311
5902
8194
8018
7028
3766
6801
3995
1709
2496
323
9226
5224
3213
3363
5561
5180
3943
4648
6220
3769
4156
9115
9911
9201
1936
6809
8165
8985
233
4855
6842
2324
7756
1798
8435
6522
9902
1192
7429
9179
3080
9568
2635
1192
6547
6604
9163
1192
5233
1369
9633
4214
7114
8412
9038
476
7004
7218
2577
7411
6199
5767
2281
2836
5802
4329
8897
4295
751
7436
8752
1048
8858
1883
7331
2405
1553
2029
9160
5292
2412
5203
8695
6214
89
7651
3155
5523
4976
8605
4477
3629
8831
2082
1225
2137
6750
3074
4769
1335
8764
825
5003
2577
6035
893
1720
2773
9231
7465
4832
4849
3061
913
3274
4107
58
3574
241
970
4961
3394
8251
2417
9433
4494
9631
3793
1835
7397
8341
9174
7949
3137
2162
2027
7388
7302
8635
8645
5121
4360
1770
908
9399
9695
4908
7708
2639
581
2029
5960
7242
6191
3232
6389
2524
1243
3224
3005
657
8459
2016
596
6851
3693
977
7319
7626
3174
6550
2270
9713
9402
5514
9830
4939
9318
3690
6031
6763
5469
3048
1798
681
6521
7787
6326
4418
5066
6350
8915
6990
3526
9788
1840
4158
117
1689
9122
108
1367
2866
7290
3105
2162
4250
7618
7379
6529
1762
7682
955
8920
6342
4304
1408
7851
6999
7628
1457
2863
439
6438
4494
271
8814
3257
8583
4984
9797
146
8166
1229
7814
3958
4265
1159
4059
4915
5899
5238
129
529
1219
7569
7631
7943
1589
3190
7077
897
1105
8352
2936
8319
9249
7626
3756
3139
7096
1124
6753
4319
9160
1495
5858
8088
3825
5243
9126
6464
9226
1566
2113
51
6790
2712
9231
297
3252
1044
3808
1226
5801
5827
5992
4107
3886
4547
6029
1084
5008
201
5683
5899
622
2654
9314
4008
2514
7249
9902
7201
5729
6977
9628
9250
9581
9043
1847
8524
1808
7645
2925
938
515
4011
8982
6054
9049
6083
4485
5792
104
4465
5481
497
483
438
6445
8836
3259
8744
9337
9251
7218
5971
9711
2636
4042
851
2442
1229
6552
1035
8512
1479
941
2568
3635
7277
1138
9384
6630
5324
1080
1844
5076
8965
1681
5312
7493
2001
9224
8700
4536
1099
1812
9405
3211
3820
4980
6538
8963
8204
3369
6307
8201
8716
6312
1673
6151
8839
3702
7386
578
2217
8260
4248
6638
690
7832
6796
1052
2096
8637
9209
6049
3674
6404
9638
5059
9247
1261
2099
5233
9458
9388
3895
3322
7891
618
518
2766
4763
9909
699
4158
8405
7530
4593
5494
326
3034
7664
6856
6914
8895
1440
3027
7421
2583
5525
2652
7128
4960
8388
2121
1320
9265
3882
7138
3079
8421
2276
4669
4438
7971
6562
7692
6841
8032
1590
2734
2084
6899
6702
4968
9331
7293
5819
3281
5808
1282
1718
5169
2937
7308
3353
725
6119
3329
3795
7547
4374
6015
9928
7047
5229
3245
8211
4463
8485
2166
3522
2103
7191
5114
4214
8149
4787
6973
6790
5015
5889
8188
1747
9018
1270
8665
6362
734
930
2733
3729
4652
9393
6828
9425
9196
1797
7551
3863
38
6123
1812
7555
2218
4000
2729
2826
3957
4753
1245
8268
6956
2040
5560
34
1779
6509
8195
1889
5712
2475
3136
2991
4860
2222
6993
6968
2202
9054
8433
2217
292
9341
6375
2223
6304
8208
1349
578
8303
6897
8389
6353
5396
4962
6798
7866
9158
2577
1993
981
7306
4967
1611
8079
8561
433
6268
2930
5315
490
4769
5284
6288
6670
4568
9499
7177
9020
8032
8514
1852
7737
6043
1026
3760
9413
2558
9555
1282
768
1629
6220
9462
7776
8945
80
8840
3984
4083
4528
9662
9636
3488
7382
894
358
1545
4833
1958
1336
3367
7471
7877
6617
5034
4085
9966
2926
6639
1113
7840
6756
3905
8506
9138
886
5086
1494
7322
3722
9727
4098
8500
9268
6735
4526
9822
5841
41
794
5812
4800
378
8221
6954
6893
6719
6893
8360
9200
8630
6360
8803
4555
8952
3729
3068
6271
3444
1343
5724
6286
2070
678
3649
3245
4273
585
2287
9087
1952
5739
902
3870
962
9273
5190
53
1219
937
2353
273
4372
669
777
6780
6204
7102
3239
6265
9751
568
6458
7082
1931
4083
2796
2384
207
3406
5482
6852
3359
9236
9629
1816
6344
4335
1868
536
2280
1912
6386
9420
1666
4388
6141
7694
20
1973
9580
2406
1010
6643
1085
4508
6468
4806
3301
8925
5801
7376
6186
9688
5122
3584
8859
5719
9620
9177
5540
4264
4587
2542
510
100
1079
2546
9333
3548
7417
5097
2839
1672
1476
5007
3582
8272
7746
5211
5989
2441
7780
1361
896
7534
9948
4674
268
7616
9612
9087
2230
477
6045
8982
6651
6784
5208
5321
4909
3991
3766
1040
8063
5087
1871
51
8762
7385
4898
8547
9782
7114
1656
2154
8921
2876
8845
4218
5301
6834
7312
8079
132
2806
364
8021
4751
2763
5079
7526
9942
8228
6712
3220
9550
9735
2882
400
3478
565
8062
9165
5081
759
8329
8593
102
2501
1265
1543
431
1937
9671
1832
2134
6938
3164
7494
8379
3943
8336
4256
8085
5178
6383
5139
9678
1907
3100
8822
3950
3974
4697
3218
114
202
1078
4826
7238
1079
45
2239
8676
7812
3220
7421
2452
2240
2805
3364
8056
9268
2051
3984
2124
6128
8507
8366
9213
2574
2089
158
3002
2081
597
9131
5339
4976
8999
4149
2087
4546
859
1331
7342
763
4155
2250
9071
5373
6157
8902
54
5187
1936
8255
7579
9464
5430
7617
9480
5187
2943
3688
2858
3028
722
5257
8716
6920
4091
8546
219
8758
9731
5363
771
3947
1489
4349
371
3962
902
4744
985
7473
4360
2042
9481
5215
7650
1026
7072
6353
7834
4997
4274
672
9208
4594
5804
4491
5493
9091
2109
6849
7387
9980
7433
1769
9519
7865
7743
9122
422
9303
1292
880
5343
5890
6042
5984
8470
2728
8356
631
6151
7663
249
2484
7155
2637
485
6720
9318
1905
4380
9764
4595
6749
8971
2903
7585
9415
2297
7343
3202
676
297
710
6605
3656
5290
5645
523
4204
8607
6310
8900
9852
3487
733
3927
4633
5771
9802
5248
1839
1762
3326
5200
414
1537
7010
3756
4931
9769
9205
2075
550
9823
5457
1216
5327
6611
9550
893
6640
2727
1510
9440
2023
6749
3482
5303
1173
9230
5801
871
4103
2473
3653
5935
9542
5534
9517
6486
7843
9683
1102
622
1573
8759
8722
8184
6519
8521
9853
4244
2747
850
5170
3781
7274
8751
3978
6645
7466
7415
489
1233
3381
1784
5901
895
5540
3073
5632
9244
6471
1362
6799
1564
2724
5234
1569
6242
3503
256
4361
2523
1335
2315
4204
6345
3917
2537
2152
7506
8173
568
32
8256
8126
7207
2215
5569
9699
4615
1494
4277
2660
3500
3309
2099
8257
8037
4600
5943
172
9288
2241
1021
3116
3078
2107
3302
2490
7416
6017
6673
6442
948
3482
455
5796
6561
2711
2836
9112
980
4686
5742
22
3154
2289
7898
7766
515
317
5840
3632
6987
9025
6702
1103
1028
2362
5374
4269
5016
9998
6894
5322
9557
2465
3652
8827
7607
4857
5238
4137
4860
4867
4995
3958
842
6549
8352
1816
1530
7979
8393
1407
8350
6129
8117
6040
8133
803
9845
8564
1054
1004
4223
3423
7068
1520
9448
6697
8377
3979
4522
3894
2296
8911
7403
185
9807
866
9512
258
1984
8059
610
6396
5551
9707
4071
8708
6321
2023
7125
3425
1331
2983
7295
561
712
9837
4233
5429
2460
4291
6461
9271
4763
9553
2580
3578
9705
3704
3674
9381
9660
1051
5738
787
8113
4206
8633
6713
484
3503
2225
8827
5084
8187
3622
3372
1198
3160
6071
2659
5041
4286
9952
7724
377
897
9295
8781
3972
3313
8715
849
7317
44
8122
4183
2950
1766
4119
5226
6912
3116
5894
1478
3868
2450
7548
9037
1116
2993
8272
8714
9489
7041
9377
6737
6183
9612
8835
4024
834
9274
4084
7355
8940
7402
736
6349
5241
8247
8597
5068
9047
5054
264
2406
1452
2490
8080
7597
5167
7459
2316
1272
4497
3296
19
2979
9546
1767
7583
4319
5613
1868
1169
9762
6865
1093
1155
5211
1507
9698
2734
7761
5329
3977
1921
3886
7760
7308
70
2834
3900
753
790
5890
3033
2791
4298
7263
3334
1781
6631
3020
1776
7750
9619
1858
7444
2256
9985
5342
1758
5438
8775
435
7908
855
691
2481
3527
5722
6162
7345
3909
9963
1599
8669
6139
9263
8188
2101
976
4055
7387
7084
9815
4041
3183
7855
5072
3488
5302
917
1912
4623
2724
1739
6705
4699
2978
6467
6151
5616
7947
505
5445
7909
5648
7330
8044
2179
1003
8047
9486
1217
4868
4648
7293
5211
5863
384
1802
6424
2386
3307
7665
5430
2839
3667
106
4000
1754
4595
9655
1479
6271
5765
6210
4415
3908
3109
5289
3699
6107
6546
6996
1296
3248
5673
9055
7288
3225
3165
4058
6136
6102
9414
2622
7251
1386
7901
802
5088
3959
4043
4617
6654
3832
3272
2969
6570
4674
2857
4651
7389
467
2142
3521
7436
4109
953
5631
956
2071
4856
5312
8045
5150
6549
1438
8823
1834
2330
4119
7393
2812
4911
6735
1592
6235
6417
2078
8678
2716
7727
7934
6912
7426
8187
7745
8959
4341
8377
2070
1593
4927
7838
2636
8798
935
3042
8204
4411
5434
7024
1214
407
6609
2194
5410
2912
1924
4739
7654
4866
5394
6459
8990
2268
6821
3176
9632
3602
6898
8851
9384
5892
1212
2902
9234
7882
4651
4172
603
6704
105
8714
2120
5385
3232
593
9944
6109
4438
3232
6387
6842
8250
1928
4833
9879
6479
3864
6276
5071
8785
5761
2320
5704
2375
9671
4460
5604
2385
5563
947
1621
247
5846
5656
9413
5180
5560
3246
1729
6610
9068
98
2934
9446
481
5101
8698
6523
609
5181
8519
7964
1943
6583
6678
9953
6172
9357
4808
7157
480
2418
9333
3272
3745
7593
3354
9366
6327
2199
1195
7296
4694
6466
2
154
8834
6431
3457
3204
8131
981
2444
5218
1901
1007
8294
1061
5124
958
2218
8669
5489
3008
343
3063
800
8385
2549
9487
8986
904
9571
32
7261
903
5740
2842
126
4171
9212
300
5870
2045
9827
7267
494
9614
6821
4287
8263
7773
1394
4655
1674
3864
6559
9360
1546
8573
3368
7369
3041
9121
8216
9781
6441
2255
8615
1942
6470
4815
1537
4231
8921
9559
9701
6963
2006
7080
1345
9668
9353
5670
8121
7507
3327
3181
4561
9453
5036
1583
3119
4780
4367
4856
9997
8622
3815
3026
9961
6132
7531
1145
7346
5254
6016
1372
3267
8028
925
3937
4411
187
4056
4426
4696
3037
4910
8595
3756
4607
1154
6193
8704
8807
7551
7930
9926
3986
1014
2729
160
3577
4197
9570
4416
5277
9252
5679
4496
2434
7213
7029
9931
5098
4274
8066
9326
6674
3553
8553
4672
1883
393
1264
501
1763
7514
4878
3499
6745
7340
7404
6371
4934
4560
4780
3258
4861
6308
6985
9232
4267
6247
2363
5850
3790
1657
4767
4201
6124
8849
3801
3252
9706
5815
4326
5610
2672
6764
8553
8095
8646
6671
7593
3554
648
7287
8364
2260
4838
2279
6099
8175
5874
3228
9471
5019
4743
960
1493
9181
5145
2798
9320
4897
8199
7031
8098
6698
8456
8857
8869
2308
4938
728
6407
1135
5715
8335
783
6753
9329
5160
3890
1235
448
9202
8187
4907
2522
9465
4086
5259
7635
8712
7952
1639
993
2501
603
5156
9476
7993
5532
7141
9915
3735
4552
5157
8999
6132
1652
5916
7722
5504
346
6712
7293
9989
1279
4594
2928
9278
6662
1923
4454
4724
8652
2009
9300
314
2945
7437
4975
9481
5130
1476
9932
8689
1787
7064
4097
6867
1138
7286
9843
1802
224
3995
782
6513
3664
2323
5444
9285
7771
4617
641
3239
4964
3370
9096
8798
86
4472
9658
4916
5386
6680
2473
4860
2295
8965
3088
680
8311
6559
7279
7143
5701
6166
9754
9711
4904
662
2894
9060
9964
7702
5215
2762
4905
6677
1371
6816
5767
5226
256
811
4808
938
9483
3941
3619
2579
7684
9939
972
8350
450
405
3431
5269
5262
4680
6910
1615
3286
7538
2419
9924
5404
9571
2125
6372
6643
1547
1174
727
2651
2847
5826
20
3508
3251
4436
2664
6122
9412
4970
7687
3292
9440
8283
4682
7121
5088
1247
989
4165
2527
3322
8310
8597
476
842
395
6523
771
2565
7882
994
3240
9457
6836
5034
2819
6647
4114
8517
9796
7739
905
3331
441
2256
2271
2821
9081
4423
7371
3873
5813
4900
5370
509
4458
6239
384
7029
6973
9128
8481
3456
5594
5703
1667
456
8953
9379
5045
6155
1795
5219
9392
3470
7421
6792
6333
7049
6508
5030
419
9815
4919
8415
2556
456
4387
3648
6214
2458
3077
5138
2471
5271
6496
7788
7890
7067
1085
9878
4689
760
5019
7838
2697
6134
3019
3859
3889
6514
8150
7762
2724
4357
5742
2599
9613
7103
106
3593
2322
4965
9505
4287
7677
298
3882
6074
2408
9785
6970
8942
3799
2644
2850
2393
2881
9756
4664
196
712
7782
1126
9750
7165
5319
5264
9827
9406
7356
6418
2388
2054
2566
9587
5758
8129
7812
4025
8161
348
6426
2773
1581
65
8180
7322
552
1618
234
3889
5795
7957
9882
2499
1347
6001
7508
2789
788
8805
3027
811
8801
125
3656
1653
3936
1974
8206
8513
6338
6651
1817
1365
4376
6904
7765
4816
5887
7661
5421
1335
3079
2349
8874
5150
5732
6999
5796
3881
4243
2868
5573
6260
9830
1772
4325
337
1283
6070
3849
745
6369
9602
4554
5621
9719
9833
1762
7072
2805
563
8036
4095
5035
9213
652
2630
5796
3722
6549
6776
1731
3260
3699
4059
2047
6554
973
7930
2164
7228
2185
8284
5153
6155
6673
1015
331
2191
2409
5482
9025
4188
5293
7070
9985
8682
8352
185
3506
4153
6932
6379
8536
9148
8275
3770
1467
8441
7567
9424
5393
9028
1686
9239
872
1911
177
6980
8854
5563
6113
4541
9457
7595
9701
739
1229
6399
2859
146
2460
412
799
7362
8007
8270
9782
9454
6297
7482
4624
1962
354
9701
9547
9923
9187
6314
5729
3901
6352
1294
5141
1137
6966
982
4342
2238
2841
2851
8916
8673
1711
4181
4262
8089
7846
8815
1740
3715
53
9306
1846
1249
9375
7456
2084
4016
9939
2493
7892
5893
4049
9486
2319
4316
7991
797
7098
7358
7276
1391
1889
3218
2348
5293
7390
8008
1280
8301
3765
9449
7625
705
2898
804
3591
7089
9102
9423
9462
6289
8750
5022
9324
9545
6538
9666
5054
5753
3642
8762
3151
3043
2269
1784
7891
8470
1973
1145
5423
4367
1616
1912
9989
2398
3124
2075
6304
7384
3476
7428
7535
8835
8498
2228
4336
7724
8307
6969
8222
6704
3398
7049
2148
8906
5197
2690
1130
5966
1638
8434
3174
4147
1886
4275
4825
2611
9050
7076
1779
2839
3047
6743
6334
7990
2808
8976
403
1764
4752
8197
5217
3686
9906
2890
3342
3673
5372
9556
2536
6153
7147
6213
7522
7883
2084
1695
547
4340
7579
7937
3421
4653
4794
9270
4670
3989
6176
2301
1746
2504
3984
6151
4022
5010
9678
5541
3603
5055
5147
9415
3805
5034
1480
7129
1224
8759
5513
5671
6213
5184
9843
2416
7244
6070
6647
9229
6033
4105
3677
8026
1620
2322
9085
9199
4312
151
5013
1264
4201
3688
3198
9447
968
7925
1658
1418
3367
6605
2545
6092
9191
8225
5911
8122
2072
8561
9592
2325
168
1311
7653
7299
6425
1845
8805
4217
3450
9998
1962
4823
9677
9825
896
3153
9269
6325
5664
6771
6674
1948
6886
6669
6026
842
2609
2106
5216
3090
7677
4215
5778
8218
8118
6044
8965
3632
9470
2587
6512
3628
3767
1370
2330
3098
3781
1124
2842
3712
8117
8916
7725
7779
3406
8893
9370
7366
1793
512
6220
1080
5638
2533
5693
9127
1687
9572
2318
3074
6712
6510
3571
9242
6345
7661
6657
5388
3723
7521
9453
358
9831
5143
984
9460
2879
393
6784
833
4315
9963
7822
4501
7092
9304
9665
6920
7319
9059
9682
6020
3248
5811
5213
3087
2292
1232
3438
2569
8578
5854
1680
6536
5180
595
3044
5430
5387
5965
3632
5849
8949
7938
4940
2369
748
1933
2847
1221
5630
186
7956
863
9072
1300
9347
4624
7274
795
8516
8489
4449
6291
1731
7220
155
1955
578
8258
7178
7769
4255
1151
4951
4996
5398
1773
164
8093
486
1310
8124
7954
4720
4173
2602
5971
8524
5013
4794
7542
4369
8096
1930
4285
4119
6762
36
8527
5384
1946
617
4827
8505
3106
9661
4321
3958
7763
5834
4152
5456
5579
8759
1526
1773
5786
5681
7693
6569
1156
954
8695
9247
235
173
5348
2689
3602
3786
4356
181
5986
4280
560
3575
3693
4099
7369
5811
3097
3792
9584
6875
4070
3696
7158
7159
4679
2446
8768
7842
5481
1944
2933
3820
1245
618
3895
3507
9658
4161
6328
3220
6146
6584
3738
6161
6978
4879
502
6608
9431
6564
3907
433
8099
4637
3264
1059
2756
8917
2777
6969
8719
7728
415
5720
1030
3018
495
895
3367
650
3708
481
45
9661
9960
1846
2219
4213
4411
2672
7616
7903
5576
7538
2178
5251
4235
5528
543
3116
4248
6057
284
6542
5073
8586
6087
3412
4889
9452
7721
3787
5317
8082
3847
6862
2853
4881
6951
3281
7078
1175
3642
5140
2519
8837
1163
2611
5863
2509
3996
3526
9320
3028
8856
3203
889
8341
9235
513
3372
3640
789
1810
2415
1539
4026
2421
2779
6150
2135
4263
9118
4205
8003
9962
7174
1121
5972
2385
9902
3347
730
6715
4587
551
6629
4623
7480
7136
9757
4690
4531
9069
3656
1151
748
6722
6557
8974
1737
4769
8371
6466
2640
7686
9372
2885
8225
6755
1820
1281
2275
4433
4348
7982
849
3368
5080
6813
8155
4547
5248
624
6892
797
642
8342
5295
9465
5923
8081
3065
958
891
6396
2058
3913
478
5046
197
3662
8262
8654
254
9929
3503
1644
1996
2127
1057
5839
3543
8540
2798
2105
547
3979
3780
9848
8963
6367
9498
7449
9485
1813
6846
5319
7663
3610
4798
1100
4305
8680
9805
6998
2457
7114
8724
5891
7532
491
4987
7229
8156
8078
2241
6749
6057
838
9894
9623
5358
1678
9515
6356
2753
2195
8284
9874
2430
8201
3878
5423
3769
5917
9517
2112
6192
6226
9262
4820
4423
1238
7641
9633
1725
5283
3759
4359
1943
6735
3647
3936
2060
5725
3169
2225
7041
9180
5430
3925
1162
7189
9367
903
160
9221
6898
5449
5442
3188
6147
4958
7270
5103
188
7376
5453
3465
1486
4901
1088
5936
5267
7445
5919
9287
5506
3862
4804
7157
5939
7899
4662
1330
3470
9489
8297
9555
406
639
2619
4586
4496
7225
3483
5297
7780
7701
6885
1590
7237
2502
5846
135
6645
5545
8721
8011
8754
9118
6659
7572
4256
6128
5801
6398
2841
9505
2968
5594
9771
7224
4775
2068
8363
9474
5937
629
4931
634
1784
6439
6322
1614
4255
2716
6718
9742
4598
3019
3827
3030
5456
235
8244
8708
9491
5797
3304
6033
2635
1666
7187
5094
3735
9247
3428
7799
9250
3329
2852
8023
5529
7684
5062
2150
9940
6319
6590
4945
4022
4247
5012
3354
914
3344
8361
5154
4965
9533
7472
6112
767
2898
7783
1916
1491
1991
4594
1694
6154
9449
7770
8999
2600
7372
4094
5060
9770
8821
3914
5883
4450
3715
1350
131
547
6116
5747
5316
6983
2407
9366
6675
8827
3149
8214
2959
7070
5367
1722
3820
8351
1543
1958
1330
5497
9364
4619
4954
2550
4324
8375
4511
9401
6665
4523
5905
4562
6291
706
2510
9655
3139
2056
3384
4595
5849
293
9754
1559
9079
4773
244
3282
4013
3733
9452
3164
1291
3417
7742
9823
2510
7163
9776
5680
368
2052
8554
7732
8989
5013
879
7121
8456
8744
7866
3565
4104
5029
2351
3346
6904
1415
2148
320
4768
6313
1983
2095
8522
4265
635
3018
7008
5825
5186
2638
1449
705
4269
4744
9021
5987
3505
8599
2011
4069
4285
3595
4252
1408
9748
1615
9265
3205
9279
6244
5514
5265
3695
1561
3375
9992
6517
6172
1111
9834
6864
2665
1936
8370
1494
6179
160
8036
5778
1243
5246
3576
8696
1945
6960
3708
9364
6337
9589
6515
7191
3807
4351
4916
6580
370
7178
522
5599
980
1194
409
3140
7180
9567
1065
5048
5087
6578
8453
4185
7779
2093
1541
6801
5427
37
422
857
1914
6875
6781
9184
4154
8541
4363
3202
2933
3700
8918
6063
2198
5234
9942
4868
4784
5092
3418
3857
1727
4189
14
7673
9597
646
9250
5140
740
6546
417
4613
9743
4030
3112
8311
910
5731
4118
916
5077
8649
7470
1703
999
9959
5934
5376
8134
762
5479
3670
2885
3695
1153
9946
8774
2596
4434
7387
4642
6240
5771
1723
5391
4780
1536
1565
2137
9529
6054
6949
4895
1900
8201
1757
6296
1483
1996
4429
9928
5219
4634
2160
8259
4770
7699
765
7941
9985
9709
7596
1477
9852
8804
3264
8368
5559
6693
5194
3939
6753
6776
8148
1380
6395
8098
7295
9294
1712
6694
5491
1336
6320
1304
930
4927
5725
5175
3083
2083
6361
1498
6072
4001
3499
4514
2443
7102
6681
105
7677
255
8797
4178
5123
7121
9929
4218
7795
1752
9772
8596
1175
6536
3607
111
8104
4560
3495
912
1495
4840
1928
4418
6677
4160
7019
9140
7156
6121
2234
6414
3219
8968
1294
3581
4969
5689
9086
2698
4431
5279
5142
6174
8761
5456
6077
6686
7841
4520
7476
7016
200
5971
2991
3808
6824
2954
1056
1525
4942
9254
9649
8485
2656
8928
6447
5537
7576
6145
5301
5022
4521
6976
7275
1471
6283
6693
6730
6561
6482
391
2377
9182
559
9179
7075
6348
6996
3998
932
5234
6652
5560
5806
6443
4486
9385
7267
9801
8158
2217
416
5606
8849
770
9057
4461
8234
3038
7844
1716
2076
950
2637
7423
9116
6623
8514
5444
6097
8143
6839
3125
7307
3066
1681
5278
2734
937
9503
5291
4802
489
6727
8476
5744
4984
192
4868
7954
2861
7133
1095
5795
8967
4356
9383
4210
9664
2690
3854
5135
8723
6310
4476
2684
5195
7522
1679
3373
2395
1649
610
1437
775
1994
531
8036
8718
2207
217
5788
7925
5770
6303
1617
8120
7402
8097
3677
8195
7455
8565
1478
1376
7455
3624
1987
3964
7941
7005
8207
7924
5820
9321
5116
1273
8851
6516
7105
3132
384
3614
1409
7801
6523
500
2560
4736
4433
294
3362
1381
3973
8942
7745
5556
1748
5018
6503
6494
1598
8733
7020
1654
7455
5285
1245
5402
3585
4704
2693
1197
6794
2562
9733
1247
1028
9851
6229
673
7533
1797
8831
5424
910
1903
4922
8456
5094
3443
6319
5669
4143
3327
3737
7489
1557
5582
99
3321
5117
2266
6765
4035
1613
7009
9842
370
5252
3186
3585
8358
5950
8339
9779
5801
6584
7391
6109
5122
8214
9943
7321
8806
2393
1598
695
8844
8837
3829
1906
8423
461
1345
9193
3900
7274
4255
2147
1594
1308
1464
3626
6554
1107
4041
5251
7811
4924
2958
2345
9570
4379
102
3312
6803
7335
7504
1964
5565
442
2708
7567
5574
7685
6161
7630
4143
3059
5454
4020
2046
3490
6457
4695
4167
6177
3691
5945
7539
746
361
4773
4065
8571
1995
6670
3357
9504
9843
4208
1820
8975
9595
5538
7403
9664
3130
9685
5969
5709
5843
6997
1197
4139
2908
4400
630
3747
7043
4561
8032
7838
7797
6318
3640
2713
4470
7047
6525
4192
489
3660
6725
7286
510
2084
6482
9905
5658
329
756
1140
63
2987
6840
1810
7638
1779
2282
7927
8379
7397
831
7053
6589
3761
1646
9544
2102
1600
8973
752
8972
6463
9845
6556
6288
9122
1125
2269
6028
5506
2020
1866
2706
4314
1089
8397
1547
4786
5095
6754
5813
6030
6533
9549
583
7866
6874
5815
9132
1255
1296
6548
637
2135
9666
9514
4848
6191
676
4952
1541
7568
3437
8913
4949
2306
6352
2076
7567
3691
3401
9014
8726
5368
3803
8573
1102
7726
8208
8122
5594
2865
9657
6246
4660
615
7910
1942
7170
8599
5628
6930
5262
2821
6278
4991
3129
4441
932
5716
5274
5285
3522
1852
4542
7588
8279
5425
3854
4789
2629
9402
7520
8349
6437
4505
1486
7341
8326
5424
4758
4899
5423
9516
9069
5876
3678
5049
3771
3512
8809
8723
8531
3311
1807
142
8991
5090
8495
8324
6161
5660
5464
5306
83
2990
6771
8505
3620
3772
7457
7083
6039
1223
6601
1724
4338
6720
5937
4762
2538
7020
9053
8828
7639
6262
6161
1656
4834
3437
1926
5418
2396
7241
9824
1959
74
6097
3284
8355
3632
923
3539
9727
1107
7515
3797
3005
2038
2339
6613
3108
6208
5845
1872
1592
837
386
4169
5326
9349
4805
2113
4318
1200
8296
3377
263
201
4251
6730
1645
5957
2135
5516
596
2515
2696
8733
7622
6279
1721
2816
8345
2056
6619
813
4249
7366
5164
2491
3579
7309
8501
9703
2716
4215
6732
4255
9243
7596
889
5302
4271
9126
641
8750
6310
3524
5856
983
3684
5544
192
453
9452
7403
9271
845
6683
2433
4732
9565
8136
3349
648
1461
5599
5281
5930
3498
6251
8914
7329
2577
609
8951
4173
3468
2745
5390
2105
6690
8044
9337
5699
1958
357
9723
9592
9403
1588
3649
542
7986
9534
4965
9728
8438
3234
937
5116
4790
1771
5429
242
7878
4795
7403
854
5647
6955
1333
9041
3563
8409
1426
1504
3365
6889
653
285
10
8127
6118
64
9195
7764
7078
3677
5864
6262
5989
6939
8622
2189
9526
9504
4866
1966
8465
9233
698
5627
5394
2267
3789
566
9877
2026
4073
781
5593
2802
9697
8784
470
9333
4255
7200
49
7222
6428
9626
4952
9355
3115
8503
439
1409
7238
4876
9243
5179
2552
6838
7081
7214
7639
1056
6086
7369
1503
4911
7351
4878
6320
6270
4859
4400
5466
1552
1915
5450
1579
1081
3478
4713
1847
8650
2439
740
8342
4062
9113
2670
9284
2844
8163
6591
9220
465
6416
1731
5814
6098
3501
8682
4565
9114
5788
1198
6508
318
1386
5210
9670
1396
9834
6421
4213
8119
2489
6142
9170
9397
1431
754
8757
6112
3513
8047
7750
2925
9314
839
4999
2787
67
2385
4489
9935
7791
9355
9359
9946
5827
1186
8326
9378
4578
8768
16
6709
9043
7888
7892
3610
4991
8702
9402
6113
500
3584
8059
6645
8283
4613
8676
1550
2756
8680
499
1653
4728
5982
1137
9871
7227
8712
5100
5223
8725
3440
5495
5900
5479
2630
351
7327
3225
1002
6434
9326
5030
4455
7218
3383
4932
5872
5281
6474
5919
5889
7268
1264
7471
9649
9524
5252
6131
2925
709
2256
9657
920
4276
6455
3376
6212
7960
2482
2345
8124
9055
9023
6163
8966
9443
3274
7001
7962
3546
3387
3719
4429
6270
8176
5024
1213
1573
710
3709
8345
2123
2345
6334
8580
2794
9222
8268
1493
8163
7611
4644
1522
7958
1166
7348
8490
7400
8807
339
2016
2369
8311
9708
1600
354
6521
9444
9521
8560
8257
580
1047
9873
5143
3670
752
5235
6454
121
177
3633
6485
8178
3549
8475
4556
5083
4530
4028
7165
6531
1784
7158
1188
6378
3658
2652
1893
8162
5068
9825
5287
8820
8905
2560
4611
8090
4368
9494
8933
9628
4849
4694
5911
8710
7488
8049
9058
9508
5782
5145
1889
4665
2102
5005
591
7208
3060
5784
2138
6216
6604
2969
4700
6981
4405
6715
297
2658
4201
8699
4404
6630
869
1171
7444
7085
9763
1261
6486
7541
8560
1990
2286
2681
6725
4632
3014
4421
3671
2194
1681
8657
29
6053
9580
2756
977
9342
1952
6472
8655
176
8533
6983
3430
7323
6051
2416
3822
3779
4638
3107
7024
815
157
5901
3771
2880
4891
4847
7930
9196
4783
2667
487
3555
6836
2043
9206
3288
2894
5446
2943
2942
5278
3052
2252
1469
568
0
3691
145
8123
9501
4577
5145
2017
1411
7502
1321
8207
4568
2699
5004
6478
8601
4729
4060
4226
4104
6134
5812
9324
8147
7006
8318
6571
6772
5667
7113
9304
2893
3200
9318
8378
9231
2699
1156
5743
7615
2024
1901
3842
5093
6767
2023
7600
5295
4805
9815
429
8802
9664
5835
7370
8466
8927
70
8791
5284
8472
8198
7114
5553
3641
6228
6322
6469
6230
8836
5388
3994
8003
5243
1457
5465
4433
5276
206
6552
608
3237
7951
850
6945
3016
9756
3031
1085
5111
4918
5255
1953
3637
6453
1799
7642
8791
2336
9533
4323
1451
3465
5110
9034
1547
4491
116
8485
9955
3788
399
3495
1380
4192
2447
1711
8534
4939
9779
7330
5801
6741
6175
3857
3105
5402
6672
7412
9355
8755
5667
2876
3491
697
107
7907
3344
8965
9931
5617
6553
191
2885
758
2442
8264
8279
7033
745
9175
5428
934
7960
4990
4396
8055
4712
7470
2742
494
2958
7477
4475
9309
8223
9585
6747
4659
921
5187
5952
89
7072
3172
9201
8621
7593
191
7899
9322
2422
9565
7372
5614
4629
6668
2189
837
3706
8934
3668
4620
9337
4254
876
6352
5681
6466
8167
9332
8478
5124
1663
5529
6026
2348
1329
367
9605
7071
1746
8218
3686
74
8472
5363
670
2065
9195
6167
3191
658
2414
3914
5686
8408
9537
8047
3310
49
7390
9673
3517
8496
3187
1871
5231
3080
7187
291
5698
2906
3508
5616
952
6684
9441
2279
6567
8429
2705
8003
3181
3135
8642
7947
6529
3994
2601
5773
2127
6855
4889
4743
4917
442
4204
1275
4414
4566
2425
6221
3286
135
6454
7446
4873
8797
6754
373
7316
8656
4292
1685
495
3979
5877
8059
3899
7564
3643
9111
4605
7724
6122
2491
8278
354
5464
7221
8601
1092
3679
4317
5140
7312
847
9800
8599
4300
3378
7032
7918
3582
6208
1170
6237
6257
7511
5868
8390
2668
6025
1221
690
2757
4998
1945
5295
1101
3742
3645
6296
6622
7938
4630
5675
5936
9308
3626
6403
48
6809
63
8060
2697
9722
3259
9745
6626
6356
3596
4457
2258
8058
5587
6006
4284
4957
1169
9794
4486
3188
600
7991
6734
8031
8896
5045
1497
6549
6626
7617
9557
3511
9960
3408
5602
4962
3452
8443
3624
674
2636
7540
3971
3647
4123
5493
5256
3746
3802
1433
5187
9974
9332
8170
2547
6424
227
6971
5913
3816
2052
8194
6223
609
5771
9054
4261
8763
1058
7291
6059
5902
3061
8188
3519
6530
4146
7532
5869
4938
6470
3183
6446
9423
632
2041
4164
963
1876
291
4634
9932
3379
1377
8373
5
1330
5321
4122
1390
1646
6338
4951
145
3599
38
8758
5480
5731
9282
2530
6624
960
4738
5829
2849
3796
8896
4156
2362
6912
6659
8103
8803
8348
1061
907
6544
88
2142
6131
3253
1791
566
404
1119
7514
1445
7597
7809
890
469
3891
9712
3383
3049
9160
4465
9151
3623
2134
817
6449
4057
6991
3719
9125
4853
1630
3028
1360
6924
8604
7637
6874
8685
432
2563
9584
6261
6828
4626
7206
5388
8233
9599
1099
6745
9251
4746
4035
4141
7534
2563
2465
4098
3898
9433
628
874
6425
1828
5619
686
3482
9861
8198
4214
7494
4546
187
2064
3004
8834
3187
1743
7126
6287
1432
5830
1186
201
9140
208
6439
2241
7441
6769
3142
982
3922
2832
9238
6368
3255
4373
4654
3717
5776
5192
7790
6176
4604
9225
8150
8683
6020
2617
4799
1978
3010
520
8422
4713
7503
9085
7355
1232
6449
3447
4594
5062
8352
7421
6519
5272
7082
7611
3824
1101
5570
5402
674
6061
8196
4570
5729
9318
8030
4927
9196
653
8003
1481
9060
5147
7954
4233
7235
3547
7920
4817
4989
9936
8645
8617
7492
995
9948
5604
9509
3991
8345
7305
2157
9649
4890
2420
4581
4394
2826
2963
8720
6391
48
1752
9190
6876
5641
6798
8625
5196
599
524
2939
1337
4783
4048
3876
9234
7706
565
4534
6430
2465
6986
5020
1346
9138
6061
3270
3239
3396
4462
6010
8395
5956
5620
5405
7580
935
4540
2
4982
1400
7344
5673
1982
8878
9267
6088
7964
7697
9930
2524
5417
1329
7401
8682
6373
9334
2710
5806
4562
7882
1128
8170
6172
236
3464
384
3252
938
2654
149
6114
8220
3548
8998
9737
3837
6140
5159
2078
6667
6272
4418
2587
1049
9182
4178
868
2556
8458
451
3112
2959
3725
3190
748
7236
8814
9758
1275
1334
7612
2112
1173
2206
8622
1244
7590
9965
6121
3699
965
5327
7570
572
1674
9759
9922
5636
596
9781
582
1329
2097
3578
1319
766
7110
4632
9836
8573
5872
4101
1478
1434
5189
2283
9244
982
1912
342
1919
8124
171
6201
5946
6813
5212
9257
9178
8358
990
8780
3256
6165
7815
6624
7682
9131
6244
8738
3893
1639
4053
507
4865
5531
4863
6631
9778
3411
5921
1010
4382
2142
5422
1335
1784
8682
912
4748
1132
7066
5828
492
5349
294
2938
8513
8871
5403
488
3788
4640
2136
197
8391
1808
938
4360
9985
5012
5617
515
5806
7142
6664
3476
4421
3155
125
1044
8376
5571
1983
6126
4798
3109
8773
1939
9116
3627
2801
674
2056
788
1753
7800
3772
3383
7010
2025
6827
8364
3384
7239
3246
1930
2467
6288
839
6438
6634
9550
1667
4221
375
1886
6864
540
1594
1079
1498
2441
2338
1314
9204
4654
4720
136
5387
1497
3279
6085
5331
4845
8996
5708
7413
2831
2041
9098
818
8548
3968
2897
674
8372
5540
3364
1452
5555
5068
6289
3784
6965
1077
2379
8067
9276
738
8927
5605
5528
4653
851
4377
2950
4787
9011
7935
5790
4198
1515
9168
3373
1969
6317
3216
2836
6183
3571
4013
657
3433
9350
437
6814
982
412
5410
4247
4878
4208
1331
4021
9969
8292
1064
6795
2973
4825
7199
6233
1774
5247
4530
7923
7912
3083
5441
6272
6399
5619
7572
9052
6523
8748
1389
5934
410
7049
5205
1921
4210
4214
8988
5728
556
5738
180
4564
2499
7025
8116
5779
6655
7528
7037
4530
4262
2109
8640
3955
1425
2587
6474
8557
1034
7378
2347
4190
848
8580
2299
3392
3113
7960
4743
5761
5601
8202
784
8309
6025
5595
6560
7377
8808
5938
5153
7787
7789
7603
7389
8051
4759
8933
982
5245
7788
31
6013
7859
7504
7916
8888
8759
6772
8819
5455
9506
5449
7458
201
6993
4454
4426
6932
7225
3023
7291
9678
2816
7231
6905
697
9609
3155
3292
3735
1937
6306
379
8642
9003
1652
8518
4154
4827
46
4582
4270
9026
9386
7639
6197
5094
3248
3227
3546
8967
1614
9600
1083
1302
364
4906
1659
9190
7584
1445
7191
2910
2791
2711
1897
3471
8864
7993
1453
7055
8820
3449
4663
5626
330
5654
42
27
9986
2392
8348
9709
1649
779
192
5374
6951
4328
3794
3007
5224
9837
7112
2178
6964
8972
4729
4516
8244
6770
2268
9023
8708
8633
9900
9943
7205
6899
6331
2703
1693
2445
4535
5135
6738
1501
8415
3063
6041
4887
4602
7386
8071
6033
820
9772
8830
3118
7143
5410
2373
889
1279
7397
4573
6707
8123
4030
1586
2095
9229
9509
2014
4291
9700
8671
6576
2085
3213
6361
7850
6404
738
4313
748
5092
2312
4276
6567
8771
2220
8570
7795
6193
7409
2997
5424
3929
7874
8952
7036
1022
168
4844
3969
4147
6647
4234
251
6753
2496
1991
7731
5577
7706
9082
9193
8751
5362
9133
3436
8288
4009
7602
9364
4945
8404
1756
3202
1044
4134
5103
894
7728
8010
5613
3208
3439
4762
8849
7864
2314
2629
990
1085
6704
9268
3269
584
6431
8230
4134
3639
7716
772
6568
4943
6670
4492
230
2795
5379
9111
7100
1001
3339
8251
7405
4972
8722
3355
1235
5159
9170
4621
6103
8864
9249
8935
7088
1465
5825
2779
3974
9665
3382
443
7148
5070
9349
3752
2441
228
7968
5476
2307
3907
6693
750
3501
118
160
4262
5702
1632
8610
5722
5225
8341
8413
9365
3396
4333
1160
6797
6248
8738
4459
6520
6399
9109
6685
5617
858
4079
4669
2988
5492
9266
4958
6440
9864
4377
130
8873
8750
4685
5120
9826
5969
871
5217
933
1432
7570
8994
664
6589
390
266
5501
5507
7632
5512
7386
6214
5832
8363
7196
9608
2749
9201
7225
2962
1306
9942
8696
4882
5530
1652
9266
9304
1415
584
9943
153
3251
6774
145
54
6645
5181
7845
4858
9641
4983
6480
9363
914
2099
6597
7711
4771
7150
3507
535
7874
2178
848
5563
7296
9083
3846
2676
9390
2476
4788
5791
4490
8994
5002
6175
9237
300
6425
9803
9844
2690
9708
3947
9510
7799
68
7871
2155
8904
2464
8734
3596
626
9800
1010
3797
7074
8576
7808
1253
9028
4645
6121
4157
1153
8882
8890
6502
4597
112
7470
6195
5746
1315
5495
1272
9156
5539
4750
8481
3427
6935
4132
5132
828
2934
5488
7746
501
7100
1005
6054
6678
2931
973
3839
585
2698
341
7931
8764
2495
6588
5197
2335
798
4524
6852
5455
5428
8914
8981
8449
8805
9491
3263
8943
8709
2789
5942
6822
9907
733
5706
3015
1039
3968
1601
5282
6146
1667
4949
5885
6325
5202
6793
1976
3195
7545
7576
7286
1267
3773
3115
6853
5212
3613
8110
380
5154
9401
2012
3476
6165
1853
5978
6417
4632
5223
1274
4997
4702
6427
4503
290
1586
3417
2041
6055
6564
1107
9196
9845
2448
5299
8780
3086
2067
5832
1933
3157
6994
5676
2166
6556
8037
3734
8107
6224
731
2617
4053
3953
9778
9395
6664
3801
7140
1124
1342
2266
6109
8376
3953
7326
6770
3730
5854
1026
3869
5331
113
2984
8946
7496
3549
8955
452
141
7394
3535
2596
2377
6940
450
7313
1949
4376
2421
7633
7847
6682
9194
3845
6012
6993
8926
6031
3672
7680
6725
4646
2250
5885
6549
4081
9722
2038
450
2228
2523
4990
305
2460
3690
8367
6051
4876
7013
7886
8644
8406
5740
8384
8234
1483
6140
4411
472
3857
4643
1992
4430
3285
8714
4760
5854
1507
3773
4005
7147
2494
3869
5950
4669
2495
735
1149
7015
5096
9471
9893
6651
4124
988
7083
7406
7209
1436
9723
4075
2866
8074
5008
5927
1908
5243
9369
8922
1333
2700
4495
4373
594
3274
4334
8299
5032
4324
6985
9766
3092
2739
7658
5637
8925
8715
7175
3830
1014
9379
6889
9137
7584
1617
5331
5765
5004
1281
5386
3487
9448
268
7933
2510
3092
4204
2970
644
3435
9588
6966
9346
8634
336
3233
3566
8942
1424
5547
7717
5708
7603
8616
6733
4497
9829
897
6746
1496
7538
1337
1435
4792
7424
2049
6621
35
1973
268
3528
4522
3578
3644
4676
7494
3813
2449
5149
7628
1302
132
2469
7011
5636
121
3035
1000
4420
5080
631
9211
733
1044
3268
6588
5498
7549
5111
4637
7288
8637
4025
2473
4807
9200
490
9627
215
8865
1645
6381
2426
3445
5707
4067
3505
284
1971
382
7192
3850
6984
1037
8856
7780
4396
5002
7777
3615
1467
1667
9428
8810
4596
1211
5741
1713
9883
9461
8116
4254
8910
1270
8314
8299
7129
691
2455
8366
7994
916
6909
4363
8294
2528
619
2796
427
4701
9155
5555
8834
9957
9042
1124
3095
1935
9451
5398
7007
900
6761
3804
1110
8481
1485
4282
5155
4152
2846
3324
1472
6437
1133
4810
739
120
9944
282
9041
6741
9170
8085
1441
2244
7812
1715
5446
5112
6624
5429
7574
4787
1288
1150
9962
7901
1159
9130
9207
222
2789
819
3261
9315
9504
8266
3302
6734
864
3720
5918
8485
3830
4655
9204
9595
5998
617
8779
1304
2709
7735
3962
4114
2768
361
4651
4094
8331
4258
9058
5708
3760
1748
9225
5065
7258
7292
6351
3425
5924
4288
1721
2402
3854
5140
3165
47
3652
8862
7833
5437
9448
1028
4915
8733
8680
5051
5388
1022
3295
2763
3513
7084
789
8025
6698
522
5229
2039
845
8664
1773
260
6548
7085
4034
5575
207
7387
6943
920
7778
1723
6038
9168
3494
4644
297
7385
8085
4615
6412
6755
1074
4227
8060
6580
4533
6175
3397
2372
5456
7148
8504
5756
7700
7555
4747
2153
7531
6616
9580
3679
6406
8266
3183
4703
9222
6449
6688
8057
5433
8631
7911
1325
2324
1046
5282
5520
4712
3912
1465
7859
3483
1143
6293
529
8620
1529
6332
4412
9442
9607
3
1853
8251
2316
378
6112
1507
558
8807
8826
5562
3820
8906
4509
1646
877
3361
3326
6119
2320
8478
1926
8665
210
2354
7596
4882
9102
2246
9651
4488
2109
9494
1726
5118
606
5682
6654
9561
4846
3966
6459
4484
6505
1798
4486
6989
8797
1802
3987
7850
9421
5922
8553
9269
9775
8122
1523
5895
7631
9812
3198
2911
2016
2856
1175
8880
3558
6166
2693
8442
1016
5266
1835
7072
9135
3099
1732
3874
2776
5009
9049
1516
4909
7721
3861
5713
3984
788
2067
7058
1294
9301
9476
1288
2758
6200
1590
4999
5745
8796
8789
1965
8811
5436
9542
8129
9287
2982
663
6245
8321
5627
1990
5767
3043
9627
8891
8827
1033
2499
9577
4781
239
5609
569
9469
2987
2997
2640
307
4531
1165
3414
7853
8378
6047
6813
573
475
7395
3182
7773
1950
1553
7394
5783
5218
3811
7281
5258
5067
5659
917
128
4740
8246
1622
1311
9835
5922
7514
3352
7799
1224
205
5130
9560
5920
1837
7305
7700
1658
817
3185
730
6175
7571
7080
1580
4780
2104
3402
1998
3501
5647
1835
1002
6910
2159
9094
8062
6226
6924
6794
1091
2542
9045
4854
1310
6900
6703
9563
60
7961
5398
9809
9755
1601
3423
3428
9581
1498
9750
7721
4980
8978
8355
2538
7521
6063
3245
2344
2505
6103
8920
9619
8027
1871
564
8088
6185
3500
158
4284
6465
9872
432
5879
6910
5870
3937
1224
8625
3756
9137
5223
6041
2749
5202
2579
3597
9081
7183
8830
7358
2823
2234
3657
6516
2730
7768
6770
7821
4208
947
2766
9309
4729
6221
3121
9986
626
1331
9710
9064
3444
6297
5031
2871
7945
1806
4309
4683
3299
9841
4460
9733
5414
4819
402
5114
7651
2035
8792
500
2743
8816
5772
2537
5925
6514
8648
6607
9009
3340
2228
4025
4304
9850
6601
2878
4391
3933
1608
6466
4961
548
4350
2949
8012
1946
9279
9021
3378
9016
7925
7110
1780
4074
540
1351
9894
9924
4712
6283
9913
2665
9933
6103
7892
2192
6033
2158
5925
9070
3227
8696
8758
4479
2463
2976
8001
615
460
5281
4741
8659
7893
5925
7288
1348
6682
2626
8908
4062
9463
4089
9184
7534
624
5380
2017
8766
8161
7740
2964
9778
5828
1796
1046
9719
8898
2263
5994
6784
2931
6665
3858
8261
3433
3305
9335
1943
8466
3574
9361
1601
4263
9546
6328
9350
7491
5779
5017
1945
8532
9813
6396
4143
2837
9794
956
6033
