9448
6339
1348
3446
6308
7496
4938
1514
7913
6856
9163
2219
1930
8734
9600
2986
5368
5644
4929
2027
7375
4888
767
8358
7805
1787
1000
7733
3148
2294
8826
3604
7231
5461
7387
4481
2959
1140
4536
2494
6729
9534
4232
3903
8399
1670
4929
5337
2464
928
586
805
112
4238
1087
3376
1265
5739
8878
9941
608
6526
7872
3859
8659
511
8550
8265
454
1439
3816
1234
8460
5036
4009
5310
6847
1046
3372
2496
9842
4723
105
5434
134
9945
7062
532
7795
5048
7112
4320
3855
1955
2752
7802
675
4602
4363
7134
9954
8311
7038
9513
3847
3122
1030
9013
6515
6383
1315
5223
8080
7990
2577
8959
9628
3425
3208
2854
7668
1693
8626
4392
7142
8454
2862
4698
4009
5131
9439
7230
9169
785
9930
9481
4749
2971
7869
4084
9357
8561
4049
7472
6754
5838
3933
8179
5370
681
9496
2300
1103
980
4312
6207
4179
2238
2924
7554
2232
1022
2498
9410
8297
9964
5626
8493
5628
4025
6955
8209
6454
7214
9623
2888
5520
2639
9251
3968
5161
9786
9149
3935
5458
1359
5338
6082
5666
4886
7766
8190
4204
71
3615
7289
5877
7674
7454
828
8187
5653
5555
7839
5216
3848
9670
3328
3852
6290
275
7950
780
511
5564
3756
1072
1929
3478
801
638
7958
8055
6483
9376
2300
4697
1757
935
1392
9751
5946
1686
9174
484
5589
5701
1472
4620
2193
8284
3725
381
850
9207
4981
7901
9318
6454
4639
8299
9208
408
2589
5366
5714
4131
5332
4767
4941
1175
1342
1740
3502
674
782
250
5107
4243
3332
2586
4947
7790
7605
3645
6338
342
1595
1762
4735
9678
9760
3155
1662
6978
9830
522
7891
9543
2355
785
6688
5441
5825
5913
1654
7926
8069
4543
3228
9777
7915
6813
9604
7175
779
4823
2673
2145
9151
3623
3337
1646
132
888
278
8406
5316
4111
6099
9572
7666
7440
6862
5921
9122
6663
3750
6212
639
516
3205
8818
7317
6000
2798
1956
1534
9739
2027
7956
3213
9850
4455
2496
5325
4566
4088
168
6432
6526
3162
8095
8038
8110
7772
3146
1427
5352
7775
8480
6965
4128
9311
2738
2961
4965
5008
4405
6175
3843
3144
7644
2859
1982
1826
1860
7158
1875
5614
3702
9732
7733
8895
730
6437
3003
9229
3083
8351
2889
8592
7139
1046
790
8245
3136
1978
3191
6331
969
5878
9967
6989
7127
1682
5724
5984
1355
9076
3614
708
1885
9278
3379
6906
2512
5103
8602
5
4746
4949
5715
7246
1365
98
2344
8537
5432
7668
5303
8673
8787
2835
5364
1820
3934
7158
5760
9016
8444
8513
7507
5860
7120
8665
812
2757
1648
3446
7200
3904
8848
5113
4605
9414
2076
2622
7980
9025
1741
4985
2255
795
8279
9671
171
5760
4890
2956
1014
9763
871
5766
6824
5066
9444
8329
4827
2830
9961
4918
1783
518
8327
4983
3418
5023
8120
4613
6522
9230
2236
6845
7966
9204
9156
2047
3715
4476
9290
7539
8497
7612
6163
1273
8506
4225
6005
3479
4
9938
531
6494
3476
9738
3025
1330
3225
92
8733
8351
7401
5444
4047
2158
792
4814
2300
8789
7413
4132
5564
6544
8888
2534
5586
4067
8819
7594
3746
6548
727
9661
2667
4449
7135
2490
5456
6136
4784
4526
7261
288
9038
2177
2938
5618
9259
3637
2540
9146
6036
2262
5566
607
3180
6507
1460
8758
2773
836
9876
6760
7769
4306
6369
8120
8447
1501
6281
6287
9342
8417
8876
1980
5307
8313
502
755
8313
5635
4310
6142
3910
5552
1175
3219
2603
3290
5351
4854
6875
6624
5689
1825
4505
4742
6304
4401
4782
9829
9783
133
8084
1168
884
1624
6119
4315
6235
4087
1172
3499
6814
6138
7521
1873
5249
4431
3726
5807
4143
9306
4540
4121
6521
4494
7351
2627
4656
8456
4156
695
2380
6779
3262
9671
2744
971
5760
1227
1089
2193
7110
7512
1859
3727
9475
135
3114
261
9524
4656
6723
3759
5380
9785
8948
1911
518
1629
7535
9673
6578
9372
2549
5294
6459
8162
8343
3555
2294
5838
7303
5459
4578
4219
4891
4079
7252
6995
9090
6560
6649
2368
7325
2241
3375
3467
7183
6843
1772
8767
1933
5685
9505
4639
2594
2432
4932
5524
3875
4875
5625
2706
6424
4392
5203
6255
5453
4736
4895
2371
7976
1451
2526
9538
7535
1677
483
6281
4886
2685
3165
6885
6421
4704
8278
9972
9299
1466
6130
9112
1632
4877
4303
5062
3395
4262
5553
4660
7952
3634
8972
2533
9365
2718
8458
4509
964
1863
6400
1002
4534
8838
3662
9432
9871
4225
9128
2756
6092
1430
3561
8323
9827
7106
1830
2612
6720
2372
1914
8644
3750
9061
1979
3588
9710
6213
7447
5883
5101
3934
6621
2453
3090
716
6240
6388
3476
9204
1541
5517
8635
2601
8979
8482
4219
1418
7716
1215
8005
2128
3715
6600
6040
3575
2633
5590
5326
6414
3482
479
2649
8437
6205
8886
3342
4728
8534
7076
8090
398
1486
7987
6255
7490
7823
6819
43
3750
6565
3190
4522
8392
7675
405
1588
2052
4256
3456
313
2909
8744
2100
8287
7378
9909
7284
7697
731
1423
7249
6447
198
6019
531
4935
2944
6315
2293
7051
472
731
4243
256
3110
6543
1104
3168
6019
3945
4914
6596
5203
9637
7563
4944
7992
3342
1933
6264
8702
4551
9719
3244
4568
5270
8949
743
7582
4717
8965
2077
1774
6548
2987
7167
194
3811
5372
752
3071
6672
626
9902
6333
918
7672
4565
3104
8452
6113
907
9431
3254
588
8597
1563
2935
1787
2436
2866
2155
9740
2710
7017
7270
7420
7347
6209
3035
1044
7048
760
1595
7912
1836
4076
1651
3512
1380
6060
5715
9883
5649
645
8114
9985
3520
5430
5959
2559
9911
8219
1732
323
7129
3770
6626
9451
2643
6653
6003
7088
1130
723
7329
829
7024
8152
5091
4078
5203
2997
169
409
1059
5486
541
6675
2751
1041
1418
2029
4321
5544
176
8750
3353
6141
6160
2199
8919
6122
9013
8495
7641
9867
9541
737
5805
6601
9144
9125
2541
1475
8721
1191
2534
636
5996
1223
6043
3915
7770
9409
1879
6090
6423
1861
6741
8594
7493
1489
4995
5940
9728
5876
827
4007
7270
6631
5856
4926
3779
8127
5098
8117
476
1205
6582
7462
4648
5333
4904
9870
4854
3606
6441
3298
2340
9477
2718
7672
7881
9279
8541
1547
7140
8228
3711
2004
8412
8052
3102
3142
6338
61
8180
4890
2639
1262
6311
7724
7242
6570
2713
1368
840
3600
2308
3367
9033
9574
279
9264
665
5148
8492
7142
5806
3689
8320
6496
4805
8504
5201
9698
1419
1166
6671
6040
7791
1316
2882
6132
1524
1596
2986
8984
8542
8818
8625
8041
1151
1817
8773
6901
9985
3569
4528
1877
8387
508
1166
4787
5858
5341
9751
3690
4767
7260
2989
7884
8935
6961
9847
8626
8620
4145
5383
5659
8416
5083
4645
8978
1480
7321
6435
7145
9171
8129
7437
9304
5347
8709
2116
8507
8153
8784
8028
4431
7180
4028
9225
5587
2912
6095
2578
4687
2534
2743
7924
4258
6590
2736
9477
7441
8227
484
212
2551
7521
5797
3999
1411
6348
1531
697
8218
6766
8345
2773
2395
4589
6173
2017
2007
9221
1558
5739
8090
8925
1672
8762
3633
2879
3892
4897
1612
5161
4133
4443
5894
1845
6955
3235
1643
2036
8214
1371
3956
4771
7357
7967
6194
6116
6133
8051
4481
6472
5124
812
2986
890
8205
1799
2842
9356
8127
6513
3856
3572
4937
2957
2005
9377
7592
1092
7345
233
1482
3462
7252
303
1545
3548
9774
1614
4576
7676
4499
684
9548
3361
4941
2438
3047
818
4817
1499
2069
4201
2253
3
744
7592
5228
908
5361
7720
2795
6163
2851
1597
5923
4138
945
3506
2341
7919
7590
180
5938
6387
2034
205
1415
1905
723
5770
4306
7803
709
3444
5600
8883
1623
106
2958
8289
1515
7918
4427
7913
5628
1912
428
9235
2555
1577
5683
7631
4887
6145
3366
1494
8781
1756
1526
4813
8709
5864
4644
7924
9338
2300
7910
7825
9743
9955
7211
5947
1349
5044
5824
8022
466
2950
4757
3056
6542
6852
4482
4139
1682
2418
4703
9486
4177
3084
8227
2002
5977
2803
2425
6835
4160
3016
4812
4185
7079
5359
2648
4937
3449
2811
4452
7847
6423
672
8774
7598
7795
5312
76
7851
5043
5843
4357
1534
8325
7104
7203
8313
9937
3054
8999
9637
4249
8623
837
6934
727
2244
5656
8438
7253
6887
7409
417
4380
6853
6569
8714
730
2554
4765
2570
4638
1510
4883
3868
9530
9671
548
6392
2977
3813
5347
7411
9639
9628
9264
9622
9147
1521
4176
1639
8776
1370
4155
94
6551
8564
6862
8234
8347
949
5156
8969
2635
828
1671
5130
832
7501
2084
7305
790
4038
6568
7765
1877
6163
7204
4018
235
5796
7911
3596
6648
61
9761
3747
5573
5642
5064
8959
7058
3270
5931
7408
6826
4725
106
8786
1814
5662
8539
3589
9968
7391
2257
5377
5449
3825
9172
3769
2533
4874
3248
7548
2125
2533
9326
9668
8985
2603
7028
2374
9812
7458
8389
7165
9496
2767
2945
7696
4494
5358
6480
2307
2097
7000
8293
9026
3861
4093
6698
5244
6087
9166
9258
4211
4084
6820
6092
5239
5155
3702
3690
766
1863
7823
9980
7687
74
4909
4391
869
1023
3622
8848
321
8909
5276
5506
8275
5376
8723
176
3066
1667
2266
1264
1397
3594
8677
5864
8908
1454
2262
8467
1353
4406
6457
9970
7508
740
1083
8088
4212
9108
5679
5709
566
9888
4387
5765
9446
1982
189
3784
2659
6781
5862
5204
3131
5881
5092
1273
8031
380
9813
8343
4452
5106
7807
4620
1011
1165
6487
9530
3276
5554
6515
5020
9762
8170
3753
1412
7230
7803
837
2994
4758
6264
5642
9591
4521
7263
1389
2701
5922
9379
9191
6139
2262
8685
1792
5770
4881
4561
2430
2977
31
9384
9378
1559
4731
8850
6543
6747
4907
697
882
2024
6589
8020
8737
3161
8061
461
4403
5670
5878
4032
6792
4362
3965
459
4500
6173
6622
9341
8674
2775
7108
7461
1370
2182
3993
9491
6165
2340
6783
1205
3861
5243
5890
759
7198
7287
1628
3419
6438
4197
8528
1219
3720
3954
637
3363
4958
9693
6017
1560
7361
5113
5954
8855
3596
4916
4491
789
7912
1539
5394
1029
2712
3556
5513
9810
7277
7111
8414
4659
7671
9989
5862
8622
520
1650
9820
6372
8474
4640
3629
5815
6286
9898
6489
7193
2947
4588
6579
2978
2419
8574
3926
4449
3549
1673
6051
4876
818
3927
5837
2395
6475
6194
69
3416
2632
6952
5439
4602
3339
8664
4761
7132
4374
7460
7272
6248
5195
5288
1568
3674
7967
7311
2202
7464
484
9669
7821
336
600
959
5644
9761
5704
8473
2260
9681
9112
9996
9678
1662
4669
3724
4970
2648
7091
4709
5894
5413
5289
6626
8530
1748
3052
7275
362
4163
4681
2053
8675
9836
7220
4711
3203
7233
2340
9329
8705
4553
2856
4036
9703
7528
2422
2579
6247
8525
4648
9462
5838
7028
5634
330
8204
7210
7403
5153
3829
449
866
4790
2138
2047
9723
6864
3786
4981
4089
9181
4899
1599
8389
4916
7563
6741
8062
5940
3662
3327
1385
4026
4146
8188
6814
2092
5293
795
8464
4766
9188
2362
4773
6982
5963
7917
1501
5856
2238
6186
1661
7217
8512
9434
9333
9011
5292
8360
6284
8956
2964
5806
7599
3191
7881
2027
3203
2637
6551
162
9465
6666
7342
2261
6263
8474
4515
1149
38
2060
4887
3841
9931
7878
7893
4887
3504
52
5310
2683
5796
3395
3473
5449
7209
1209
2774
6736
321
3158
7413
4141
6841
751
8924
2883
6015
4378
1115
4329
6536
2937
416
8579
7429
4640
4438
2801
4922
8384
3247
8965
4307
2151
2092
4564
6189
2053
3442
1054
5890
2898
9721
3820
7559
6443
964
2726
8640
4300
830
9094
2606
7272
3998
1149
4909
8172
8606
3438
