9913
2385
9570
9073
8360
9830
4559
6168
6886
9446
1477
8635
7672
9877
3481
2158
6520
3602
3109
6982
8381
889
4018
3088
6131
4898
5408
7054
927
4854
7977
3592
4685
5625
165
9888
7403
8855
6497
9402
1487
4781
6363
9660
6365
2879
5269
4299
7385
6499
8911
1997
9145
3420
8496
3874
3495
4200
531
1692
1662
7246
8379
7011
8087
2267
2134
8847
7025
5779
9738
375
223
6690
2328
3637
9072
5792
4792
1797
3409
3131
5235
2350
5055
9593
8193
1719
5590
8945
9596
7287
9454
982
7788
7050
2182
4345
2868
6798
4068
8435
8570
5097
6536
6757
5621
803
9425
9898
4228
9638
486
9125
3436
7909
8233
8798
6502
1664
9011
1773
2071
8446
302
2224
6802
8484
4644
6125
1621
6310
3054
2791
9650
6899
5961
4710
427
7324
7920
4413
8780
7701
5222
970
6672
6257
1162
3074
7172
8251
9687
9780
1959
5069
5931
956
5550
9172
3876
7525
7806
2381
5936
5532
409
2494
424
1539
7948
1998
4475
7854
4607
1631
9111
9745
515
2675
5259
1721
8768
8522
569
6726
671
345
1358
3663
5272
3468
9414
1854
534
5070
4976
6410
5655
2989
6325
5869
4789
3999
5768
8289
5534
6650
8939
6475
5030
7206
4326
6103
2091
5410
8743
4
7879
7503
4602
736
6945
8654
5481
6257
842
9894
9664
7209
3351
8849
7840
8380
1510
6852
3765
5779
3995
2037
8691
5399
9006
2342
5366
5326
4901
7805
3081
171
959
6001
8836
5772
6513
8760
5236
5167
9293
6825
4788
9512
9097
8013
4147
6795
8481
1361
8743
4921
7926
8863
3297
2958
9121
8425
7935
4557
3033
5049
5711
7316
8435
2613
9716
2330
7165
1692
2607
8058
5416
1788
5788
6554
588
1434
4107
6852
7768
1772
6062
1528
3221
3526
1646
2867
5833
5385
6853
4695
7531
371
1863
2418
5556
8005
7715
1810
1513
719
381
8815
3837
9124
9358
7030
211
7482
4057
1509
3160
354
3089
3647
9507
7217
2982
1675
5849
9215
3782
4300
9334
5611
6938
6288
2611
9090
9862
2863
9776
879
1980
642
2463
4908
4946
5811
3708
5470
6768
1252
2748
5981
3598
981
4875
1632
3146
3612
6716
7820
3130
3050
5071
5042
4992
2957
7170
4499
6882
5500
3648
7299
474
2219
5212
4020
9338
2195
8820
1981
296
1587
2282
5366
1703
4889
3963
2721
507
3998
3129
73
459
3012
3705
2609
2928
6774
6564
9005
8949
8218
2166
9040
6585
9298
740
2474
5015
8865
975
5702
2266
9464
4982
8362
2447
9244
880
2633
2404
7859
4494
2004
8907
8906
7840
8171
1990
2641
4991
2511
2362
4378
1793
6290
4996
7484
9158
1009
748
7180
546
2227
227
6115
4007
7550
843
6339
5441
5673
8640
7266
1152
9937
6264
5081
2214
9410
9666
2159
7513
5100
2433
6408
48
6966
5364
3775
5966
158
3015
9393
1604
5672
826
70
2352
7819
7912
1242
5286
971
2060
7271
9545
44
5584
3628
1709
6211
9430
9796
4745
7820
9583
9944
3472
4763
5721
4629
3500
1549
469
1783
2948
2543
627
1826
5167
7092
7794
4278
1189
9836
6440
2957
5532
8283
6386
543
6410
7485
449
1533
5064
987
5397
2259
3599
3530
5599
1057
3690
541
2645
5310
1288
4785
2826
6762
355
8997
7457
9072
4043
521
87
4859
8328
8028
235
19
1221
9533
8117
4427
4100
4904
3814
4886
811
3682
6049
1614
8036
5243
855
9081
3826
854
6799
3843
7052
9000
514
2391
1277
6964
8577
8705
7186
2336
9418
2330
8348
4603
9857
6973
9648
2602
7646
5759
678
2296
7337
5675
5546
3545
4106
7246
4585
1339
7026
7985
3654
4652
7807
8418
2136
3191
4494
5485
8180
3158
8856
6956
4720
4072
7468
1826
2157
4386
3543
3498
1749
5247
3752
813
3584
7441
6429
2190
8779
5792
3353
7029
9424
7995
66
6822
9570
492
7316
4439
7575
1946
7107
8731
229
8262
729
5653
6534
351
1591
6780
619
9455
9792
2595
5281
6736
2954
6819
4677
9171
6965
9009
8811
5871
6128
4182
6726
3365
1205
6390
6244
7114
6759
6564
9092
1434
3204
2703
2925
615
5823
7484
5325
4754
9857
7199
2750
4599
99
5239
8465
6575
3612
1688
8776
8840
498
4636
9425
9059
4183
9776
2545
8274
8489
2700
9181
8120
4809
3704
9533
2792
576
9123
6603
3005
1182
9536
8553
8089
5103
8018
4829
2350
5957
6708
4733
4555
6640
1995
8925
8839
6266
8092
1500
1172
2990
561
9288
9674
9111
2589
2868
2459
5110
1393
21
9798
4675
9005
420
6295
3690
7267
8259
2531
7077
1926
265
4309
4649
1498
715
9626
2527
1078
8645
1202
8944
4643
3492
8861
7147
9211
7273
3620
9270
2943
7267
1564
1638
5014
3529
3702
2954
1647
8763
8397
6586
5582
8038
9781
2837
8884
7789
7994
6081
7884
2470
1708
9754
9655
8515
1599
6983
6851
4349
1634
4560
6188
4571
1834
7890
8724
8317
4365
2012
1811
1667
6658
8721
2806
3577
7909
5394
6721
3634
8621
8053
4961
5056
2874
1705
8399
7659
9001
9487
2844
6050
6211
2181
5951
2240
2087
6657
3105
6310
9853
5408
8560
755
1446
5494
3351
5509
5187
981
6695
3142
1334
9189
8829
9393
8737
1968
968
1685
9860
7507
9979
3483
8472
3000
928
8656
7196
8332
6462
0
8432
5290
4425
7453
1681
9020
8886
2733
6008
2979
1626
3114
3226
7160
9663
1533
6473
1828
4253
5979
2150
9119
6052
7354
5379
3955
2165
6518
3847
1576
2312
6391
3083
1605
7572
6512
5966
7025
5438
2953
3235
1817
7423
7502
6717
4994
9647
2252
3102
5634
8932
9312
9278
8012
3782
5498
6244
9010
1044
3495
8848
6881
39
2749
2500
5904
667
5387
4132
6054
8656
1517
1472
3603
5962
338
8411
1110
3883
3796
947
8807
9813
5445
2125
1110
7858
1614
8253
2117
7667
7304
8854
4965
8748
9690
2407
2635
6250
4259
4696
5722
4877
866
4332
6809
3151
1110
2773
6296
3917
4845
4369
3509
2408
1831
2958
6302
529
7810
9837
9081
3675
9659
6128
4680
437
8908
1737
2697
6518
5322
38
4494
3674
8057
9515
7317
1957
4786
5062
2166
3777
5660
1880
5254
8088
3516
9081
3774
679
3229
3253
2065
8067
9769
4306
8302
4493
443
8092
775
6778
4751
3351
6920
3835
3002
5556
5896
3470
1445
4471
5157
2425
7944
3170
5891
408
1829
714
8870
7501
4393
7125
8063
779
7758
6378
3654
7461
1290
2545
1079
4727
6255
8796
5482
1694
4780
6426
5494
2164
9007
3105
4617
1691
4283
9084
3407
4209
6033
3157
290
4565
4558
9503
7889
4972
3364
3645
3129
5298
4866
5454
9877
970
9114
6426
2287
248
8676
3439
9467
3971
9825
2049
406
4332
3364
4891
3627
2734
4071
3732
7089
6109
3744
228
682
5614
860
1932
2797
854
3698
8192
4665
6777
9263
281
9632
9567
5296
5397
1241
1629
907
6772
792
8078
2284
7374
54
622
5142
8192
6931
6154
5556
1134
4873
9197
6228
49
6121
5267
2885
6012
8939
6053
9569
5379
2537
6497
4947
7395
8329
1064
7147
9249
4554
8667
5508
8598
6245
4077
4706
3607
7080
9333
6199
5959
3310
403
6817
1406
9646
1694
5315
7673
560
1053
6396
8022
6214
9107
8156
2810
6232
5315
850
3558
640
4870
1232
7357
4238
1160
5048
9019
2676
9337
3587
3579
6723
3024
8366
5364
3980
2268
7359
6784
3947
8936
361
1106
1662
8309
4262
1200
6356
1039
7458
8675
8113
6825
6217
684
2688
2718
8727
8360
8740
7753
7442
6318
2007
7369
3852
9687
3123
4412
7158
9320
8329
204
4540
2980
8589
938
9531
1265
3816
6491
8272
664
199
1483
9371
9598
7487
6960
9443
1798
7701
1832
9896
6482
4147
4094
1213
5071
6180
9773
4900
8263
770
5506
5751
9600
825
5626
6854
3685
8626
3288
3028
6374
3280
2103
2588
742
8155
7059
3519
2232
9654
1452
9647
710
9389
4070
6440
1435
1006
685
3646
5991
69
4369
14
6833
4053
2300
2761
3987
6383
3665
9655
369
1709
2664
7661
5836
785
5813
883
259
7006
5524
3742
5162
7859
6277
2342
8586
3423
8769
2300
6306
1418
875
2648
6793
1463
6659
4770
7260
4030
2319
6798
2517
2533
4208
5518
1793
2408
6836
318
3902
8795
3697
2073
5275
2526
249
8572
6443
7858
4919
9135
9223
6358
6586
390
2941
7304
8934
5328
9398
9591
3801
1158
9605
9162
3245
9853
6815
2516
1733
7109
5873
3415
9220
2913
4629
6556
5197
8166
6777
2928
6220
4183
8562
5482
9085
2993
2281
7435
2091
8025
836
7661
3541
2765
2616
7221
6944
9828
3414
432
5735
1063
9035
1985
7470
5310
587
981
6256
101
7063
9086
9122
6508
5805
5089
5394
5653
7800
9371
2503
3266
6862
6879
7354
1220
531
3187
5556
1990
3742
6670
5136
2999
4583
157
7205
4270
9797
3691
19
2548
6271
9953
9556
2723
9189
2576
3214
5542
3957
1078
5404
2567
7785
9701
4
6756
7420
2974
9736
9164
4274
8769
8407
1745
9009
5665
7480
5406
8063
2631
3599
854
1809
4205
3624
9913
8521
2902
1361
8110
7320
1199
8570
4893
349
1759
2479
8722
1651
675
5473
330
7325
1379
8120
7008
55
887
9028
3251
3621
8318
1222
4450
3445
1744
3492
3754
6630
4118
7820
4262
5311
5846
8681
5217
9823
8459
6535
9997
9829
1083
3370
7539
5963
4168
9467
3607
9625
1291
5292
3842
8423
2587
7542
9058
3594
7248
6345
5308
2898
9886
5131
3889
4958
3929
8106
1189
3621
6911
2323
2998
9852
1864
1582
7213
9950
1123
491
6739
8743
13
5910
9342
9310
3630
6713
5714
6771
9252
6772
2685
8787
7152
9442
3288
841
7182
8678
2445
4307
2923
2844
5454
2922
1991
9492
2156
5983
3338
4249
2000
3938
748
4525
547
4405
1403
9264
9798
6679
5214
260
5756
232
3859
8919
5106
1711
3544
9730
8364
3713
6328
5172
3019
9337
1027
5289
8355
2911
8254
9480
1696
9772
1132
9818
8487
199
127
6940
7335
9892
8547
1393
5453
3505
3539
6956
3243
8006
9813
9624
5798
3804
5567
3971
943
5764
1919
1065
1255
8539
4292
5792
215
7814
1957
8598
3794
985
4476
5889
2933
7880
3712
8236
1848
7759
0
2217
5293
9663
7301
4492
2935
8531
3300
3363
7343
5226
8907
7333
1345
6975
5917
308
8878
8835
5599
8698
4415
5181
198
6650
2908
1801
3519
4413
4352
4316
3911
6415
2530
1078
8456
4476
450
9143
9840
9440
9237
7416
9590
9102
6696
9438
6040
2503
2729
2846
8962
9636
3040
8460
8061
6537
2531
4256
1508
6574
3722
3351
1987
8835
2739
5077
4465
8669
4042
1633
4475
3211
3809
8908
8289
9629
4665
6915
6640
4307
9172
7407
2080
1411
3660
1511
4501
7555
1622
9538
6687
2549
7059
337
2887
9938
683
8288
8114
37
545
1641
8173
2744
9486
1369
5789
3999
6499
8222
3910
4230
9355
2650
8924
789
3569
6211
7862
9866
4436
8262
6187
5797
7410
7529
8147
1771
1510
6055
2551
8232
3854
1864
8172
4239
9855
361
987
6647
2729
4977
29
2822
4824
9837
620
786
4350
5479
9483
9143
627
5445
8045
200
6069
1608
5042
4092
7144
1980
1721
9952
4640
4919
5381
2223
916
706
5220
2097
8515
5524
2565
338
5759
4950
6641
3524
7669
3614
8927
3768
9229
3667
2864
9722
6073
3895
4340
726
4146
4222
4011
1821
4528
9875
2973
249
2374
8471
4836
3987
5659
7513
125
3899
9787
1751
1568
2699
8495
6722
6342
5374
2852
175
3836
26
5220
2020
8910
3421
9982
2464
2739
8614
9437
8658
6995
1053
4408
6002
2989
5005
3908
5523
7818
1777
2076
5952
7320
1042
372
8404
8712
7848
7789
691
5662
8936
377
6458
2072
3196
6507
3776
7808
1042
623
7417
6923
9626
7854
6867
5270
1859
2292
1057
5709
3263
9709
2032
4897
3824
6516
8819
9262
1022
2932
4173
9875
6705
9539
8186
698
8099
8085
3680
1173
8063
2884
8779
7764
7520
5910
4739
9494
5979
8675
170
9251
5170
4452
9708
6222
616
4407
517
764
1017
8029
318
7597
4440
5712
7396
459
1847
9675
8584
8066
5042
2004
2185
4543
8827
3111
5687
2679
8469
9002
1665
5581
9944
4023
7047
3720
3032
2298
1451
2884
6910
5528
263
3769
3436
3856
5063
5302
8280
260
453
1951
8840
8221
6673
5385
4697
6788
8961
7983
7133
6037
3819
6008
26
2190
4031
1415
6070
8933
5474
8525
510
2514
5898
4429
9747
2272
6661
1484
3906
3831
1782
5334
5372
158
1202
6583
8081
6016
5169
8301
3798
9129
4736
5355
4848
5721
6555
7146
4661
5270
8365
7834
6111
2525
2075
4241
1976
1500
7267
6387
4481
9369
4622
8996
4160
4415
3849
4207
2441
6438
7822
2335
6992
9916
9457
1602
717
9036
8087
5024
7799
3987
7307
406
1669
4187
892
8049
2551
3970
8114
582
9684
4218
4738
8636
4606
1833
7913
7900
3661
6708
7823
3583
3138
6492
768
1003
5214
9661
4452
7782
6
1828
3572
3907
8658
4006
6522
7825
9028
931
7234
9995
8876
8805
7229
7745
5140
6274
552
2658
7411
3399
9485
3937
7204
2201
8068
788
8062
6280
5147
5040
5964
3604
3613
8666
195
5146
1152
7759
4171
7967
9144
8040
7690
6377
9825
253
2434
8518
1165
2301
358
7046
6958
8042
7673
3908
2415
2744
4960
284
4791
9391
338
5180
4900
6595
1839
4219
4118
1699
4183
2622
117
7768
6135
3051
6931
8227
1796
1983
1953
2079
9717
2868
895
2155
7546
6574
4045
3541
3838
7092
3842
7843
440
6864
4934
8643
2173
554
1554
6769
1382
2038
526
4168
2974
812
7395
9467
6641
9246
6858
3910
4695
1877
7488
2680
8365
3803
9668
3928
8478
3006
9928
4548
1997
8510
3748
3405
8628
9141
8351
3523
7112
2086
9039
4376
2937
9892
7790
4442
6896
4026
5939
6464
4322
6408
2860
9290
58
8380
3342
3271
4200
6557
9110
9181
6634
6172
1713
487
7259
4588
316
3967
9811
6518
7802
5874
6721
2091
4911
4199
3462
3813
2480
2294
3047
3563
5015
9400
4556
3543
9029
1919
5365
2484
148
7459
2503
6346
5490
8551
3181
7054
3867
9067
7989
1353
3236
4827
6745
2445
6618
2087
9099
3679
6418
2848
1704
9912
3034
8941
1078
5925
4159
2763
4102
5341
64
5094
3570
4091
8057
7530
1407
882
362
1463
6137
9204
9997
9295
2684
5204
7535
6816
6719
3593
3944
6567
9529
1862
223
3215
9907
6144
2137
2220
2360
1588
3763
4717
1708
2903
6455
8189
2752
4161
1817
4300
9491
7629
4661
1652
1107
3644
2993
2519
3011
7505
1679
6277
6360
926
5084
3903
4304
4756
2488
8405
586
9660
5513
3641
1842
6098
314
2266
2548
5011
7347
9509
8132
6378
7830
2829
6338
221
8986
1781
3020
4179
9264
785
713
2589
97
2013
428
2850
7999
1947
9180
1811
353
6235
85
8451
689
3189
9235
1591
1248
8349
6031
2849
7982
5522
2407
2990
896
5976
8927
4765
9271
1194
398
2156
6769
3563
5431
2187
1612
2691
1765
714
7333
3205
9847
7155
8924
2431
6812
8276
2710
6207
4880
5104
3897
3437
88
9291
8082
5227
3227
4455
6990
1226
7985
2452
5109
9979
4142
9245
1977
5319
4382
2233
9021
7989
7957
1518
9453
4192
9660
6023
4341
7051
1391
4462
8843
4330
2644
3583
9301
2725
8321
3694
4064
3207
5987
7631
763
8997
7451
4105
2269
5286
4170
4651
4579
9223
4402
9171
8224
325
8863
8688
4708
5812
6920
3621
6831
7324
1722
5025
8350
4724
9324
1384
9879
6641
3467
2473
3791
4170
7459
3117
6943
3371
2014
7898
2339
5383
6349
3667
8128
6107
467
9715
7491
4347
3363
6967
3213
37
7719
3777
9439
1283
9225
4083
2967
8775
7348
7181
7926
5571
4251
8130
7597
2659
4669
5620
8656
880
9305
2553
9618
64
7645
7115
3517
1145
1730
1160
5618
7923
9767
6723
8341
5280
7614
7874
2567
6701
3371
2444
5906
5207
7029
8174
3925
2166
639
9288
1177
15
4368
9400
7306
211
138
7483
9702
7328
7563
9120
8177
4
5673
7590
4611
5799
6486
2085
6652
4770
5342
4398
6555
6488
501
7914
6756
348
503
7377
5591
6438
8950
8770
9584
5546
1765
4359
8510
6520
9311
5131
3495
7494
6140
8949
4025
8812
1940
4328
9934
7811
8990
381
3781
6274
3483
4882
3756
489
9191
1514
3280
395
7482
2386
3967
3002
6641
7999
4572
276
6211
9547
3149
9699
4693
8842
7205
2198
4247
2112
1327
2366
5056
4446
5191
5382
2560
1018
5988
6458
4150
8753
4893
4994
5206
8925
8688
5074
4508
4813
11
4593
8645
9708
6571
1969
9001
4295
1646
6933
6155
6483
3980
5131
6562
7598
5262
605
1142
1419
9877
3994
6297
7251
8327
5411
9587
8825
961
7350
5669
1049
1378
6337
6599
579
8659
3608
1964
7061
9330
9024
2481
2257
6850
9001
2
2223
8695
3282
4244
7095
9429
2000
6385
5482
1970
5386
494
5938
2541
7388
9681
3096
1285
7358
6224
5727
1138
4461
8624
5205
5197
8005
6476
6720
371
4690
4296
3944
2040
7587
5830
7691
8322
83
9654
4900
8822
9849
6059
6671
4970
8062
6620
2345
3635
8253
1906
2079
5536
1292
171
3090
8637
6132
7877
1914
3966
4121
1263
2339
6199
1585
8032
5220
1178
2322
3934
8110
2590
1094
2361
654
8016
120
9060
5689
7348
8711
7936
7482
9644
9649
3272
8448
1809
604
2504
8444
2804
3064
2206
2763
104
2964
5257
1518
275
4980
4139
8921
6810
7468
3285
3352
8087
1657
7069
4316
5879
3039
1585
9321
835
4924
1462
476
3789
9692
3399
2183
4024
1514
8513
4913
6533
1267
8580
8544
6137
7541
8114
6383
6593
941
8803
6829
1189
1868
9079
9722
25
5745
4169
9639
1829
9229
4695
4156
9942
9785
4756
1398
6065
6967
9892
542
6251
8943
2648
2838
834
5481
2499
3746
4881
3457
8954
161
5644
4826
5161
4925
3407
6828
6991
9348
2863
2554
5682
3741
4067
250
9087
2320
8863
3643
2336
4119
9074
7560
270
2057
9586
9105
7478
4792
7636
7540
2758
8614
4650
605
6591
3721
5344
4965
3573
6940
461
8217
6564
5700
2498
7934
6084
718
4150
5553
2028
5658
4751
3586
5505
9344
8480
6133
7872
4566
1242
160
8688
2371
4895
7256
8679
2962
3403
7901
5824
6800
2630
6214
6552
3023
3865
4035
1375
5780
3970
8578
9286
175
8701
5131
2787
3544
9316
5404
2201
2003
1456
6542
1454
8795
2399
3878
326
2214
8869
1332
4670
2860
5186
3974
8352
1241
6034
5859
6022
3958
535
44
2968
9139
2797
2635
3969
251
8220
7505
8857
9053
5044
4327
5286
4856
1959
4454
871
9834
7946
1593
2434
6676
9450
874
5518
4017
5527
2887
4506
8301
3242
319
9110
1944
4816
7391
1138
9410
9366
2139
8183
3022
8340
7003
144
1591
5884
6514
2709
7796
7573
8048
1968
2595
8834
3076
9472
8161
1836
1088
8519
9107
4088
6873
9174
3923
6746
2082
4875
4358
1051
4297
1619
1457
2078
5816
1955
2462
5358
5139
1745
853
6330
7376
5457
1888
9055
2977
9920
116
4145
4324
2625
2056
9737
8092
6335
5932
1832
9803
2675
5123
6807
9116
2438
6830
6179
7218
6143
8199
4109
3329
7550
7777
4579
1057
1457
6875
8269
8977
8526
2258
5077
2272
4569
4188
7289
4334
3486
2579
9006
2064
1029
3020
6207
6458
74
1331
1736
5980
1150
6944
3043
175
8947
3202
5644
1457
1241
8793
2828
1577
3883
5407
3261
4593
8172
9832
533
328
2449
1571
7204
3539
3053
9076
9073
9263
7283
6044
6232
1662
3991
3541
7644
7146
5336
631
8738
4449
4066
928
6790
1113
8170
9270
8723
7097
9561
5597
3238
892
3925
1273
4747
4443
7392
9385
5181
1175
3080
506
8363
1551
1377
551
8696
9159
3794
3292
6434
2497
5412
6051
9771
9813
9624
5733
7215
3891
793
8826
9495
3529
9091
1432
6492
9399
1665
4399
8845
1257
9869
2834
3807
9307
7443
8965
6316
9306
8003
6089
3708
1061
3798
4402
7823
932
3807
6866
6397
7929
2709
7725
9004
4426
329
5092
1746
9261
5043
4839
6869
8229
9148
5645
5693
7041
7029
6052
5461
9392
7265
1836
3304
2123
3939
8497
9431
2058
9442
9356
504
4590
7425
6162
2428
2142
5256
3405
5774
7593
3160
5254
2476
6859
8795
9249
6904
647
7149
209
5350
3609
8854
7230
7974
2191
2315
9777
4644
81
3691
6641
2288
9577
1963
1345
4201
5697
3773
576
1078
2128
2582
115
64
500
2972
307
1180
5323
2277
9
9475
8063
1147
1718
8971
2427
4416
1443
6253
8411
9522
7824
1858
8309
1861
9181
6415
1063
2346
5117
9495
5846
2727
7127
3220
4081
8381
1357
8724
551
6072
1153
1442
9504
9430
6867
4080
8401
5890
3614
6616
5295
2717
5665
3886
8862
9260
1367
9184
1959
8003
5558
8814
354
6042
2379
936
9350
9768
2993
5679
1352
1356
4288
795
4101
4561
5871
6559
2243
6336
184
4162
448
2432
5329
2578
7946
7837
6206
1921
5483
6291
9335
3437
1699
9698
9599
8534
2324
9924
5522
118
9586
2002
8317
4091
644
4349
6533
5749
9187
279
2819
4621
9748
6538
6989
1282
9313
4444
5951
5277
9793
2871
8254
9909
229
177
1688
1778
6153
7353
476
8264
2054
4258
6102
9016
2507
866
4646
4368
7176
10
7963
9432
3059
6850
5304
6397
4450
6463
8068
5179
8570
4702
1510
5640
9388
3995
6902
5113
4560
2513
917
1231
6731
8498
5245
3483
9284
7428
3575
3344
4981
1454
9061
4374
8929
8714
2633
5789
2932
6115
8833
3165
6223
4194
9953
7308
8040
5947
3834
3964
6167
9276
6093
6317
9331
7345
9636
3212
3641
8092
397
7585
1303
2588
6681
2951
6222
9212
5134
5799
8314
5540
8158
2529
4720
8539
6314
3156
5508
7571
6239
1328
6250
167
2556
4959
6271
1082
4532
8565
2069
8145
9783
7117
4076
7671
2072
1616
5771
1613
6137
6473
8937
848
5673
6632
2413
6824
4621
1668
7791
3168
7668
6650
4166
7279
6878
6691
1669
390
8424
9141
2082
3477
5667
3017
7444
8575
1001
4172
2734
2594
5833
4812
5346
3504
2559
9407
6584
6807
5327
2455
5451
9019
1829
8153
4289
5008
8544
7839
2734
102
7541
9124
7292
6725
6243
4726
3295
8932
8535
8231
4634
4191
879
7375
9124
7053
4341
3486
269
6960
1827
3573
9794
2689
2050
3360
6543
594
6056
8053
9908
1399
3298
5760
7012
8445
5932
9561
7761
5703
1330
57
3018
4723
3786
8817
7943
9228
6850
6494
6730
8045
3035
1246
3745
6977
5483
8388
9767
4747
8837
1546
8366
7492
8195
299
3
4305
677
2520
6431
8740
6453
9621
1170
2697
1090
4210
9039
8205
1051
8353
8832
6261
4714
1900
4950
515
1225
6392
2609
6055
242
9369
2526
9335
2879
9332
1783
6761
3523
2618
1850
2760
4831
7031
3982
5982
5966
2314
3907
471
2672
4342
6319
1417
9983
756
344
3685
3193
9142
7904
3556
3073
6046
550
862
8593
4890
3273
4266
3228
8160
4479
5950
9058
2643
1966
3821
9263
2594
7964
9101
220
4872
2042
6567
458
371
4685
1454
5649
6694
6720
8394
4688
1280
1178
2219
7430
2739
2155
5235
7733
74
5630
3562
319
5717
9808
1314
427
8511
6184
9889
8709
230
9917
884
1046
1589
2664
5901
7694
4811
2659
4575
4059
9932
1804
1484
815
3776
675
637
7838
5232
4135
2676
7066
8756
8527
7797
3942
6551
7333
1267
2184
172
5092
2987
2505
6327
2105
3763
2396
6811
3181
5882
6575
7546
6874
1660
7164
1567
9941
9290
6949
4213
